9.99311E-05 9.99311E-05 9.99311E-05 9.99311E-05 9.99311E-05 9.99311E-05 9.99311E-05 0.999101 9.99311E-05 9.99311E-05
9.99314E-05 9.99314E-05 9.99314E-05 9.99314E-05 9.99314E-05 9.99314E-05 9.99314E-05 0.999101 9.99314E-05 9.99314E-05
9.99313E-05 9.99313E-05 9.99313E-05 9.99313E-05 9.99313E-05 9.99313E-05 9.99313E-05 0.999101 9.99313E-05 9.99313E-05
9.99316E-05 9.99316E-05 9.99316E-05 9.99316E-05 9.99316E-05 9.99316E-05 9.99316E-05 0.999101 9.99316E-05 9.99316E-05
9.99311E-05 9.99311E-05 9.99311E-05 9.99311E-05 9.99311E-05 9.99311E-05 9.99311E-05 0.999101 9.99311E-05 9.99311E-05
9.99319E-05 9.99319E-05 9.99319E-05 9.99319E-05 9.99319E-05 9.99319E-05 9.99319E-05 0.999101 9.99319E-05 9.99319E-05
9.99315E-05 9.99315E-05 9.99315E-05 9.99315E-05 9.99315E-05 9.99315E-05 9.99315E-05 0.999101 9.99315E-05 9.99315E-05
9.99395E-05 0.00796745 9.99395E-05 9.99395E-05 9.99395E-05 9.99395E-05 9.99395E-05 0.991233 9.99395E-05 9.99395E-05
9.99315E-05 9.99315E-05 9.99315E-05 9.99315E-05 9.99315E-05 9.99315E-05 9.99315E-05 0.999101 9.99315E-05 9.99315E-05
9.99312E-05 9.99312E-05 9.99312E-05 9.99312E-05 9.99312E-05 9.99312E-05 9.99312E-05 0.999101 9.99312E-05 9.99312E-05
9.99315E-05 9.99315E-05 9.99315E-05 9.99315E-05 9.99315E-05 9.99315E-05 9.99315E-05 0.999101 9.99315E-05 9.99315E-05
9.99395E-05 0.320684 9.99395E-05 9.99395E-05 9.99395E-05 9.99395E-05 9.99395E-05 0.678517 9.99395E-05 9.99395E-05
9.99392E-05 9.99392E-05 9.99392E-05 9.99392E-05 9.99392E-05 0.520083 9.99392E-05 0.479117 9.99392E-05 9.99392E-05
9.99468E-05 9.99468E-05 9.99468E-05 9.99468E-05 0.382366 0.239108 9.99468E-05 0.377826 9.99468E-05 9.99468E-05
9.99398E-05 0.806905 9.99398E-05 9.99398E-05 9.99398E-05 0.192295 9.99398E-05 9.99398E-05 9.99398E-05 9.99398E-05
9.99321E-05 0.999101 9.99321E-05 9.99321E-05 9.99321E-05 9.99321E-05 9.99321E-05 9.99321E-05 9.99321E-05 9.99321E-05
9.99469E-05 9.99469E-05 9.99469E-05 9.99469E-05 0.762001 0.118516 9.99469E-05 0.118783 9.99469E-05 9.99469E-05
9.99328E-05 0.999101 9.99328E-05 9.99328E-05 9.99328E-05 9.99328E-05 9.99328E-05 9.99328E-05 9.99328E-05 9.99328E-05
9.99326E-05 9.99326E-05 9.99326E-05 9.99326E-05 0.999101 9.99326E-05 9.99326E-05 9.99326E-05 9.99326E-05 9.99326E-05
9.99399E-05 0.783452 9.99399E-05 9.99399E-05 9.99399E-05 9.99399E-05 9.99399E-05 0.215749 9.99399E-05 9.99399E-05
9.99405E-05 0.948154 9.99405E-05 9.99405E-05 9.99405E-05 9.99405E-05 0.0510462 9.99405E-05 9.99405E-05 9.99405E-05
9.99317E-05 0.999101 9.99317E-05 9.99317E-05 9.99317E-05 9.99317E-05 9.99317E-05 9.99317E-05 9.99317E-05 9.99317E-05
9.99322E-05 9.99322E-05 9.99322E-05 9.99322E-05 0.999101 9.99322E-05 9.99322E-05 9.99322E-05 9.99322E-05 9.99322E-05
9.99313E-05 0.999101 9.99313E-05 9.99313E-05 9.99313E-05 9.99313E-05 9.99313E-05 9.99313E-05 9.99313E-05 9.99313E-05
9.99315E-05 9.99315E-05 9.99315E-05 9.99315E-05 9.99315E-05 9.99315E-05 9.99315E-05 0.999101 9.99315E-05 9.99315E-05
9.99476E-05 0.747537 9.99476E-05 0.163476 9.99476E-05 0.088287 9.99476E-05 9.99476E-05 9.99476E-05 9.99476E-05
9.99323E-05 9.99323E-05 9.99323E-05 9.99323E-05 9.99323E-05 9.99323E-05 9.99323E-05 0.999101 9.99323E-05 9.99323E-05
9.99318E-05 9.99318E-05 9.99318E-05 9.99318E-05 0.999101 9.99318E-05 9.99318E-05 9.99318E-05 9.99318E-05 9.99318E-05
9.99317E-05 9.99317E-05 9.99317E-05 9.99317E-05 0.999101 9.99317E-05 9.99317E-05 9.99317E-05 9.99317E-05 9.99317E-05
9.99396E-05 9.99396E-05 9.99396E-05 0.12054 9.99396E-05 9.99396E-05 9.99396E-05 0.87866 9.99396E-05 9.99396E-05
9.99327E-05 0.999101 9.99327E-05 9.99327E-05 9.99327E-05 9.99327E-05 9.99327E-05 9.99327E-05 9.99327E-05 9.99327E-05
9.99319E-05 0.999101 9.99319E-05 9.99319E-05 9.99319E-05 9.99319E-05 9.99319E-05 9.99319E-05 9.99319E-05 9.99319E-05
9.99316E-05 9.99316E-05 9.99316E-05 9.99316E-05 0.999101 9.99316E-05 9.99316E-05 9.99316E-05 9.99316E-05 9.99316E-05
9.99316E-05 0.999101 9.99316E-05 9.99316E-05 9.99316E-05 9.99316E-05 9.99316E-05 9.99316E-05 9.99316E-05 9.99316E-05
9.99321E-05 9.99321E-05 9.99321E-05 9.99321E-05 0.999101 9.99321E-05 9.99321E-05 9.99321E-05 9.99321E-05 9.99321E-05
9.99399E-05 0.451346 9.99399E-05 9.99399E-05 9.99399E-05 9.99399E-05 9.99399E-05 0.547855 9.99399E-05 9.99399E-05
9.99321E-05 9.99321E-05 9.99321E-05 9.99321E-05 9.99321E-05 9.99321E-05 9.99321E-05 0.999101 9.99321E-05 9.99321E-05
9.99316E-05 0.999101 9.99316E-05 9.99316E-05 9.99316E-05 9.99316E-05 9.99316E-05 9.99316E-05 9.99316E-05 9.99316E-05
9.99316E-05 9.99316E-05 9.99316E-05 9.99316E-05 9.99316E-05 9.99316E-05 9.99316E-05 0.999101 9.99316E-05 9.99316E-05
9.99469E-05 0.0388729 9.99469E-05 9.99469E-05 9.99469E-05 0.264699 9.99469E-05 0.695729 9.99469E-05 9.99469E-05
9.994E-05 0.720959 9.994E-05 9.994E-05 9.994E-05 9.994E-05 9.994E-05 0.278242 9.994E-05 9.994E-05
9.99319E-05 0.999101 9.99319E-05 9.99319E-05 9.99319E-05 9.99319E-05 9.99319E-05 9.99319E-05 9.99319E-05 9.99319E-05
9.99322E-05 0.999101 9.99322E-05 9.99322E-05 9.99322E-05 9.99322E-05 9.99322E-05 9.99322E-05 9.99322E-05 9.99322E-05
9.99318E-05 9.99318E-05 9.99318E-05 9.99318E-05 0.999101 9.99318E-05 9.99318E-05 9.99318E-05 9.99318E-05 9.99318E-05
9.99318E-05 9.99318E-05 9.99318E-05 9.99318E-05 0.999101 9.99318E-05 9.99318E-05 9.99318E-05 9.99318E-05 9.99318E-05
9.99313E-05 9.99313E-05 9.99313E-05 9.99313E-05 9.99313E-05 9.99313E-05 9.99313E-05 0.999101 9.99313E-05 9.99313E-05
9.99313E-05 9.99313E-05 9.99313E-05 9.99313E-05 9.99313E-05 9.99313E-05 9.99313E-05 0.999101 9.99313E-05 9.99313E-05
9.99318E-05 9.99318E-05 9.99318E-05 9.99318E-05 9.99318E-05 9.99318E-05 9.99318E-05 0.999101 9.99318E-05 9.99318E-05
9.99314E-05 9.99314E-05 9.99314E-05 9.99314E-05 9.99314E-05 9.99314E-05 9.99314E-05 0.999101 9.99314E-05 9.99314E-05
9.9932E-05 9.9932E-05 9.9932E-05 9.9932E-05 9.9932E-05 9.9932E-05 9.9932E-05 0.999101 9.9932E-05 9.9932E-05
9.99318E-05 9.99318E-05 9.99318E-05 9.99318E-05 9.99318E-05 9.99318E-05 9.99318E-05 0.999101 9.99318E-05 9.99318E-05
9.99315E-05 9.99315E-05 9.99315E-05 9.99315E-05 9.99315E-05 9.99315E-05 9.99315E-05 0.999101 9.99315E-05 9.99315E-05
9.9932E-05 9.9932E-05 9.9932E-05 9.9932E-05 9.9932E-05 9.9932E-05 9.9932E-05 0.999101 9.9932E-05 9.9932E-05
9.99316E-05 9.99316E-05 9.99316E-05 9.99316E-05 9.99316E-05 9.99316E-05 9.99316E-05 0.999101 9.99316E-05 9.99316E-05
9.99313E-05 9.99313E-05 9.99313E-05 9.99313E-05 9.99313E-05 9.99313E-05 9.99313E-05 0.999101 9.99313E-05 9.99313E-05
9.99313E-05 9.99313E-05 9.99313E-05 9.99313E-05 9.99313E-05 9.99313E-05 9.99313E-05 0.999101 9.99313E-05 9.99313E-05
9.99398E-05 0.353708 9.99398E-05 9.99398E-05 9.99398E-05 9.99398E-05 9.99398E-05 0.645493 9.99398E-05 9.99398E-05
9.99394E-05 9.99394E-05 9.99394E-05 9.99394E-05 9.99394E-05 0.570736 9.99394E-05 0.428464 9.99394E-05 9.99394E-05
9.99392E-05 9.99392E-05 9.99392E-05 9.99392E-05 9.99392E-05 0.441568 9.99392E-05 0.557633 9.99392E-05 9.99392E-05
9.99395E-05 9.99395E-05 9.99395E-05 9.99395E-05 9.99395E-05 0.933402 9.99395E-05 9.99395E-05 9.99395E-05 0.0657982
9.99403E-05 9.99403E-05 9.99403E-05 0.364327 9.99403E-05 9.99403E-05 9.99403E-05 9.99403E-05 9.99403E-05 0.634874
9.99392E-05 9.99392E-05 9.99392E-05 9.99392E-05 9.99392E-05 0.218309 9.99392E-05 0.780892 9.99392E-05 9.99392E-05
9.9948E-05 9.9948E-05 9.9948E-05 9.9948E-05 0.661237 9.9948E-05 9.9948E-05 0.258768 0.0792954 9.9948E-05
9.99318E-05 9.99318E-05 9.99318E-05 9.99318E-05 0.999101 9.99318E-05 9.99318E-05 9.99318E-05 9.99318E-05 9.99318E-05
9.99311E-05 9.99311E-05 9.99311E-05 9.99311E-05 9.99311E-05 9.99311E-05 9.99311E-05 0.999101 9.99311E-05 9.99311E-05
9.99313E-05 9.99313E-05 9.99313E-05 9.99313E-05 9.99313E-05 9.99313E-05 9.99313E-05 0.999101 9.99313E-05 9.99313E-05
9.99316E-05 9.99316E-05 9.99316E-05 9.99316E-05 9.99316E-05 9.99316E-05 9.99316E-05 0.999101 9.99316E-05 9.99316E-05
9.99317E-05 9.99317E-05 9.99317E-05 9.99317E-05 9.99317E-05 9.99317E-05 9.99317E-05 0.999101 9.99317E-05 9.99317E-05
9.99313E-05 9.99313E-05 9.99313E-05 9.99313E-05 9.99313E-05 9.99313E-05 9.99313E-05 0.999101 9.99313E-05 9.99313E-05
9.99319E-05 9.99319E-05 9.99319E-05 9.99319E-05 9.99319E-05 9.99319E-05 9.99319E-05 0.999101 9.99319E-05 9.99319E-05
9.99314E-05 9.99314E-05 9.99314E-05 9.99314E-05 9.99314E-05 9.99314E-05 9.99314E-05 0.999101 9.99314E-05 9.99314E-05
9.9932E-05 9.9932E-05 9.9932E-05 9.9932E-05 9.9932E-05 9.9932E-05 9.9932E-05 0.999101 9.9932E-05 9.9932E-05
9.99316E-05 9.99316E-05 9.99316E-05 9.99316E-05 9.99316E-05 9.99316E-05 9.99316E-05 0.999101 9.99316E-05 9.99316E-05
9.99313E-05 9.99313E-05 9.99313E-05 9.99313E-05 9.99313E-05 9.99313E-05 9.99313E-05 0.999101 9.99313E-05 9.99313E-05
9.99313E-05 9.99313E-05 9.99313E-05 9.99313E-05 9.99313E-05 9.99313E-05 9.99313E-05 0.999101 9.99313E-05 9.99313E-05
9.99396E-05 0.535531 9.99396E-05 9.99396E-05 9.99396E-05 9.99396E-05 9.99396E-05 0.463669 9.99396E-05 9.99396E-05
9.99391E-05 9.99391E-05 9.99391E-05 9.99391E-05 9.99391E-05 0.565291 9.99391E-05 0.433909 9.99391E-05 9.99391E-05
9.99316E-05 9.99316E-05 9.99316E-05 9.99316E-05 9.99316E-05 0.999101 9.99316E-05 9.99316E-05 9.99316E-05 9.99316E-05
9.99396E-05 0.55518 9.99396E-05 9.99396E-05 0.44402 9.99396E-05 9.99396E-05 9.99396E-05 9.99396E-05 9.99396E-05
9.99396E-05 9.99396E-05 9.99396E-05 9.99396E-05 0.506684 9.99396E-05 9.99396E-05 0.492517 9.99396E-05 9.99396E-05
9.99325E-05 0.999101 9.99325E-05 9.99325E-05 9.99325E-05 9.99325E-05 9.99325E-05 9.99325E-05 9.99325E-05 9.99325E-05
9.99323E-05 9.99323E-05 9.99323E-05 9.99323E-05 0.999101 9.99323E-05 9.99323E-05 9.99323E-05 9.99323E-05 9.99323E-05
9.99476E-05 9.99476E-05 9.99476E-05 0.449623 0.402411 9.99476E-05 9.99476E-05 0.147266 9.99476E-05 9.99476E-05
9.9947E-05 0.30422 9.9947E-05 9.9947E-05 0.232121 9.9947E-05 9.9947E-05 0.46296 9.9947E-05 9.9947E-05
9.99398E-05 0.848355 9.99398E-05 9.99398E-05 0.150846 9.99398E-05 9.99398E-05 9.99398E-05 9.99398E-05 9.99398E-05
9.99315E-05 9.99315E-05 9.99315E-05 9.99315E-05 0.999101 9.99315E-05 9.99315E-05 9.99315E-05 9.99315E-05 9.99315E-05
9.99399E-05 0.236821 9.99399E-05 9.99399E-05 9.99399E-05 9.99399E-05 9.99399E-05 9.99399E-05 9.99399E-05 0.762379
9.99315E-05 9.99315E-05 9.99315E-05 9.99315E-05 0.999101 9.99315E-05 9.99315E-05 9.99315E-05 9.99315E-05 9.99315E-05
9.99316E-05 9.99316E-05 9.99316E-05 9.99316E-05 0.999101 9.99316E-05 9.99316E-05 9.99316E-05 9.99316E-05 9.99316E-05
9.99328E-05 9.99328E-05 9.99328E-05 9.99328E-05 9.99328E-05 9.99328E-05 9.99328E-05 9.99328E-05 9.99328E-05 0.999101
9.99401E-05 9.99401E-05 9.99401E-05 9.99401E-05 0.438254 0.560947 9.99401E-05 9.99401E-05 9.99401E-05 9.99401E-05
9.99469E-05 9.99469E-05 9.99469E-05 9.99469E-05 0.166104 0.39504 9.99469E-05 0.438157 9.99469E-05 9.99469E-05
9.99318E-05 9.99318E-05 9.99318E-05 9.99318E-05 0.999101 9.99318E-05 9.99318E-05 9.99318E-05 9.99318E-05 9.99318E-05
9.99316E-05 0.999101 9.99316E-05 9.99316E-05 9.99316E-05 9.99316E-05 9.99316E-05 9.99316E-05 9.99316E-05 9.99316E-05
9.99315E-05 9.99315E-05 9.99315E-05 9.99315E-05 9.99315E-05 9.99315E-05 9.99315E-05 9.99315E-05 0.999101 9.99315E-05
9.99314E-05 9.99314E-05 9.99314E-05 0.999101 9.99314E-05 9.99314E-05 9.99314E-05 9.99314E-05 9.99314E-05 9.99314E-05
9.99393E-05 0.878131 9.99393E-05 0.12107 9.99393E-05 9.99393E-05 9.99393E-05 9.99393E-05 9.99393E-05 9.99393E-05
9.99319E-05 9.99319E-05 9.99319E-05 0.999101 9.99319E-05 9.99319E-05 9.99319E-05 9.99319E-05 9.99319E-05 9.99319E-05
9.99401E-05 9.99401E-05 9.99401E-05 0.719965 9.99401E-05 9.99401E-05 9.99401E-05 0.279236 9.99401E-05 9.99401E-05
9.99547E-05 0.58871 9.99547E-05 0.230341 9.99547E-05 9.99547E-05 9.99547E-05 0.0322185 0.14813 9.99547E-05
9.99319E-05 0.999101 9.99319E-05 9.99319E-05 9.99319E-05 9.99319E-05 9.99319E-05 9.99319E-05 9.99319E-05 9.99319E-05
9.99407E-05 9.99407E-05 9.99407E-05 9.99407E-05 0.0948668 9.99407E-05 9.99407E-05 9.99407E-05 0.904334 9.99407E-05
0.462979 9.99475E-05 9.99475E-05 9.99475E-05 9.99475E-05 0.242646 9.99475E-05 0.293675 9.99475E-05 9.99475E-05
9.99316E-05 9.99316E-05 9.99316E-05 0.999101 9.99316E-05 9.99316E-05 9.99316E-05 9.99316E-05 9.99316E-05 9.99316E-05
9.99316E-05 9.99316E-05 9.99316E-05 0.999101 9.99316E-05 9.99316E-05 9.99316E-05 9.99316E-05 9.99316E-05 9.99316E-05
9.99329E-05 0.999101 9.99329E-05 9.99329E-05 9.99329E-05 9.99329E-05 9.99329E-05 9.99329E-05 9.99329E-05 9.99329E-05
9.99338E-05 0.999101 9.99338E-05 9.99338E-05 9.99338E-05 9.99338E-05 9.99338E-05 9.99338E-05 9.99338E-05 9.99338E-05
9.99391E-05 9.99391E-05 9.99391E-05 0.0759128 9.99391E-05 9.99391E-05 9.99391E-05 0.923288 9.99391E-05 9.99391E-05
9.99319E-05 9.99319E-05 9.99319E-05 9.99319E-05 9.99319E-05 9.99319E-05 9.99319E-05 9.99319E-05 0.999101 9.99319E-05
9.99316E-05 9.99316E-05 9.99316E-05 0.999101 9.99316E-05 9.99316E-05 9.99316E-05 9.99316E-05 9.99316E-05 9.99316E-05
9.9932E-05 0.999101 9.9932E-05 9.9932E-05 9.9932E-05 9.9932E-05 9.9932E-05 9.9932E-05 9.9932E-05 9.9932E-05
9.99316E-05 9.99316E-05 9.99316E-05 0.999101 9.99316E-05 9.99316E-05 9.99316E-05 9.99316E-05 9.99316E-05 9.99316E-05
9.99323E-05 9.99323E-05 9.99323E-05 0.999101 9.99323E-05 9.99323E-05 9.99323E-05 9.99323E-05 9.99323E-05 9.99323E-05
9.99328E-05 9.99328E-05 9.99328E-05 0.999101 9.99328E-05 9.99328E-05 9.99328E-05 9.99328E-05 9.99328E-05 9.99328E-05
9.99315E-05 9.99315E-05 9.99315E-05 0.999101 9.99315E-05 9.99315E-05 9.99315E-05 9.99315E-05 9.99315E-05 9.99315E-05
9.99315E-05 0.999101 9.99315E-05 9.99315E-05 9.99315E-05 9.99315E-05 9.99315E-05 9.99315E-05 9.99315E-05 9.99315E-05
9.99326E-05 9.99326E-05 9.99326E-05 0.999101 9.99326E-05 9.99326E-05 9.99326E-05 9.99326E-05 9.99326E-05 9.99326E-05
9.99396E-05 9.99396E-05 9.99396E-05 9.99396E-05 0.115255 0.883945 9.99396E-05 9.99396E-05 9.99396E-05 9.99396E-05
9.99393E-05 0.871176 9.99393E-05 0.128025 9.99393E-05 9.99393E-05 9.99393E-05 9.99393E-05 9.99393E-05 9.99393E-05
9.99321E-05 9.99321E-05 9.99321E-05 0.999101 9.99321E-05 9.99321E-05 9.99321E-05 9.99321E-05 9.99321E-05 9.99321E-05
9.99324E-05 9.99324E-05 9.99324E-05 0.999101 9.99324E-05 9.99324E-05 9.99324E-05 9.99324E-05 9.99324E-05 9.99324E-05
9.99326E-05 9.99326E-05 9.99326E-05 9.99326E-05 0.999101 9.99326E-05 9.99326E-05 9.99326E-05 9.99326E-05 9.99326E-05
9.99477E-05 0.687856 9.99477E-05 0.264238 9.99477E-05 9.99477E-05 9.99477E-05 0.0472063 9.99477E-05 9.99477E-05
9.99331E-05 9.99331E-05 9.99331E-05 9.99331E-05 9.99331E-05 9.99331E-05 9.99331E-05 0.999101 9.99331E-05 9.99331E-05
9.99393E-05 9.99393E-05 9.99393E-05 0.821699 9.99393E-05 9.99393E-05 9.99393E-05 0.177501 9.99393E-05 9.99393E-05
9.99394E-05 9.99394E-05 9.99394E-05 0.978139 9.99394E-05 0.021062 9.99394E-05 9.99394E-05 9.99394E-05 9.99394E-05
9.9932E-05 9.9932E-05 9.9932E-05 9.9932E-05 9.9932E-05 0.999101 9.9932E-05 9.9932E-05 9.9932E-05 9.9932E-05
9.99399E-05 9.99399E-05 9.99399E-05 0.65791 9.99399E-05 0.34129 9.99399E-05 9.99399E-05 9.99399E-05 9.99399E-05
9.99321E-05 9.99321E-05 9.99321E-05 9.99321E-05 0.999101 9.99321E-05 9.99321E-05 9.99321E-05 9.99321E-05 9.99321E-05
9.99317E-05 9.99317E-05 9.99317E-05 0.999101 9.99317E-05 9.99317E-05 9.99317E-05 9.99317E-05 9.99317E-05 9.99317E-05
9.99405E-05 0.895309 9.99405E-05 9.99405E-05 9.99405E-05 9.99405E-05 9.99405E-05 0.103892 9.99405E-05 9.99405E-05
9.99332E-05 9.99332E-05 9.99332E-05 9.99332E-05 0.999101 9.99332E-05 9.99332E-05 9.99332E-05 9.99332E-05 9.99332E-05
9.99396E-05 0.502512 9.99396E-05 9.99396E-05 9.99396E-05 9.99396E-05 9.99396E-05 0.496689 9.99396E-05 9.99396E-05
9.99401E-05 0.724285 9.99401E-05 9.99401E-05 9.99401E-05 9.99401E-05 9.99401E-05 9.99401E-05 0.274915 9.99401E-05
9.99324E-05 9.99324E-05 9.99324E-05 0.999101 9.99324E-05 9.99324E-05 9.99324E-05 9.99324E-05 9.99324E-05 9.99324E-05
9.99322E-05 9.99322E-05 9.99322E-05 0.999101 9.99322E-05 9.99322E-05 9.99322E-05 9.99322E-05 9.99322E-05 9.99322E-05
9.9947E-05 0.605274 9.9947E-05 0.0755092 9.9947E-05 9.9947E-05 9.9947E-05 0.318517 9.9947E-05 9.9947E-05
9.99315E-05 0.999101 9.99315E-05 9.99315E-05 9.99315E-05 9.99315E-05 9.99315E-05 9.99315E-05 9.99315E-05 9.99315E-05
9.99319E-05 9.99319E-05 9.99319E-05 0.999101 9.99319E-05 9.99319E-05 9.99319E-05 9.99319E-05 9.99319E-05 9.99319E-05
9.99469E-05 0.096121 9.99469E-05 9.99469E-05 9.99469E-05 9.99469E-05 9.99469E-05 0.0701716 0.833008 9.99469E-05
9.99399E-05 0.731899 9.99399E-05 0.267302 9.99399E-05 9.99399E-05 9.99399E-05 9.99399E-05 9.99399E-05 9.99399E-05
9.99336E-05 9.99336E-05 9.99336E-05 9.99336E-05 9.99336E-05 9.99336E-05 9.99336E-05 0.999101 9.99336E-05 9.99336E-05
9.99488E-05 9.99488E-05 9.99488E-05 0.27162 0.632717 9.99488E-05 9.99488E-05 0.0949632 9.99488E-05 9.99488E-05
9.99323E-05 0.999101 9.99323E-05 9.99323E-05 9.99323E-05 9.99323E-05 9.99323E-05 9.99323E-05 9.99323E-05 9.99323E-05
9.99394E-05 9.99394E-05 9.99394E-05 9.99394E-05 9.99394E-05 0.0579773 9.99394E-05 0.941223 9.99394E-05 9.99394E-05
9.99318E-05 9.99318E-05 9.99318E-05 9.99318E-05 9.99318E-05 9.99318E-05 9.99318E-05 9.99318E-05 0.999101 9.99318E-05
9.99474E-05 9.99474E-05 9.99474E-05 9.99474E-05 9.99474E-05 0.24209 9.99474E-05 0.0714898 0.685721 9.99474E-05
9.99392E-05 0.713793 9.99392E-05 9.99392E-05 9.99392E-05 0.285407 9.99392E-05 9.99392E-05 9.99392E-05 9.99392E-05
9.99393E-05 9.99393E-05 9.99393E-05 9.99393E-05 9.99393E-05 9.99393E-05 9.99393E-05 0.132892 0.866308 9.99393E-05
9.9932E-05 9.9932E-05 9.9932E-05 9.9932E-05 9.9932E-05 0.999101 9.9932E-05 9.9932E-05 9.9932E-05 9.9932E-05
9.99319E-05 9.99319E-05 9.99319E-05 9.99319E-05 9.99319E-05 9.99319E-05 9.99319E-05 9.99319E-05 0.999101 9.99319E-05
9.99397E-05 0.874555 9.99397E-05 9.99397E-05 9.99397E-05 9.99397E-05 9.99397E-05 9.99397E-05 0.124646 9.99397E-05
9.99315E-05 9.99315E-05 9.99315E-05 9.99315E-05 9.99315E-05 9.99315E-05 9.99315E-05 9.99315E-05 0.999101 9.99315E-05
9.99318E-05 0.999101 9.99318E-05 9.99318E-05 9.99318E-05 9.99318E-05 9.99318E-05 9.99318E-05 9.99318E-05 9.99318E-05
9.99391E-05 9.99391E-05 9.99391E-05 9.99391E-05 9.99391E-05 0.0107942 9.99391E-05 9.99391E-05 0.988406 9.99391E-05
9.99316E-05 9.99316E-05 9.99316E-05 9.99316E-05 9.99316E-05 0.999101 9.99316E-05 9.99316E-05 9.99316E-05 9.99316E-05
9.99393E-05 9.99393E-05 9.99393E-05 9.99393E-05 9.99393E-05 0.163551 9.99393E-05 9.99393E-05 0.835649 9.99393E-05
9.99318E-05 9.99318E-05 9.99318E-05 9.99318E-05 9.99318E-05 0.999101 9.99318E-05 9.99318E-05 9.99318E-05 9.99318E-05
9.99399E-05 0.381056 9.99399E-05 9.99399E-05 9.99399E-05 0.618144 9.99399E-05 9.99399E-05 9.99399E-05 9.99399E-05
9.9933E-05 9.9933E-05 0.999101 9.9933E-05 9.9933E-05 9.9933E-05 9.9933E-05 9.9933E-05 9.9933E-05 9.9933E-05
9.99316E-05 9.99316E-05 9.99316E-05 9.99316E-05 9.99316E-05 9.99316E-05 9.99316E-05 9.99316E-05 0.999101 9.99316E-05
9.99325E-05 9.99325E-05 0.999101 9.99325E-05 9.99325E-05 9.99325E-05 9.99325E-05 9.99325E-05 9.99325E-05 9.99325E-05
9.99398E-05 9.99398E-05 9.99398E-05 0.193768 9.99398E-05 0.805432 9.99398E-05 9.99398E-05 9.99398E-05 9.99398E-05
9.99318E-05 9.99318E-05 9.99318E-05 9.99318E-05 9.99318E-05 0.999101 9.99318E-05 9.99318E-05 9.99318E-05 9.99318E-05
9.99476E-05 9.99476E-05 0.0653938 9.99476E-05 9.99476E-05 0.36296 9.99476E-05 0.570947 9.99476E-05 9.99476E-05
9.99471E-05 9.99471E-05 9.99471E-05 9.99471E-05 9.99471E-05 0.215759 9.99471E-05 0.224677 0.558864 9.99471E-05
9.9932E-05 9.9932E-05 9.9932E-05 9.9932E-05 9.9932E-05 9.9932E-05 9.9932E-05 9.9932E-05 0.999101 9.9932E-05
0.446565 9.99395E-05 9.99395E-05 9.99395E-05 9.99395E-05 9.99395E-05 9.99395E-05 0.552635 9.99395E-05 9.99395E-05
9.99397E-05 9.99397E-05 9.99397E-05 9.99397E-05 9.99397E-05 0.0842654 9.99397E-05 0.914935 9.99397E-05 9.99397E-05
9.99319E-05 9.99319E-05 9.99319E-05 9.99319E-05 9.99319E-05 9.99319E-05 9.99319E-05 9.99319E-05 0.999101 9.99319E-05
9.99401E-05 9.99401E-05 9.99401E-05 9.99401E-05 9.99401E-05 0.148201 9.99401E-05 9.99401E-05 0.851 9.99401E-05
9.99392E-05 0.713793 9.99392E-05 9.99392E-05 9.99392E-05 0.285407 9.99392E-05 9.99392E-05 9.99392E-05 9.99392E-05
9.99317E-05 9.99317E-05 9.99317E-05 9.99317E-05 9.99317E-05 9.99317E-05 9.99317E-05 9.99317E-05 0.999101 9.99317E-05
9.99321E-05 9.99321E-05 9.99321E-05 9.99321E-05 9.99321E-05 0.999101 9.99321E-05 9.99321E-05 9.99321E-05 9.99321E-05
9.99319E-05 9.99319E-05 9.99319E-05 9.99319E-05 9.99319E-05 9.99319E-05 9.99319E-05 9.99319E-05 0.999101 9.99319E-05
9.99322E-05 9.99322E-05 9.99322E-05 9.99322E-05 9.99322E-05 9.99322E-05 9.99322E-05 9.99322E-05 0.999101 9.99322E-05
9.99317E-05 9.99317E-05 9.99317E-05 9.99317E-05 9.99317E-05 9.99317E-05 9.99317E-05 9.99317E-05 0.999101 9.99317E-05
9.9932E-05 0.999101 9.9932E-05 9.9932E-05 9.9932E-05 9.9932E-05 9.9932E-05 9.9932E-05 9.9932E-05 9.9932E-05
9.99317E-05 9.99317E-05 9.99317E-05 9.99317E-05 9.99317E-05 9.99317E-05 9.99317E-05 9.99317E-05 0.999101 9.99317E-05
9.99313E-05 9.99313E-05 9.99313E-05 9.99313E-05 9.99313E-05 0.999101 9.99313E-05 9.99313E-05 9.99313E-05 9.99313E-05
9.9932E-05 9.9932E-05 9.9932E-05 9.9932E-05 9.9932E-05 0.999101 9.9932E-05 9.9932E-05 9.9932E-05 9.9932E-05
9.99402E-05 9.99402E-05 9.99402E-05 9.99402E-05 9.99402E-05 0.265389 9.99402E-05 0.733811 9.99402E-05 9.99402E-05
9.99325E-05 9.99325E-05 9.99325E-05 9.99325E-05 9.99325E-05 0.999101 9.99325E-05 9.99325E-05 9.99325E-05 9.99325E-05
9.99392E-05 9.99392E-05 9.99392E-05 9.99392E-05 9.99392E-05 0.226746 9.99392E-05 9.99392E-05 0.772454 9.99392E-05
9.99324E-05 9.99324E-05 9.99324E-05 9.99324E-05 9.99324E-05 0.999101 9.99324E-05 9.99324E-05 9.99324E-05 9.99324E-05
9.99324E-05 9.99324E-05 9.99324E-05 9.99324E-05 9.99324E-05 0.999101 9.99324E-05 9.99324E-05 9.99324E-05 9.99324E-05
9.99402E-05 9.99402E-05 9.99402E-05 9.99402E-05 9.99402E-05 0.202705 0.796495 9.99402E-05 9.99402E-05 9.99402E-05
9.99397E-05 9.99397E-05 9.99397E-05 9.99397E-05 9.99397E-05 0.975384 9.99397E-05 9.99397E-05 9.99397E-05 0.0238167
9.99318E-05 9.99318E-05 9.99318E-05 9.99318E-05 9.99318E-05 0.999101 9.99318E-05 9.99318E-05 9.99318E-05 9.99318E-05
9.99394E-05 9.99394E-05 9.99394E-05 9.99394E-05 9.99394E-05 0.864469 9.99394E-05 0.134732 9.99394E-05 9.99394E-05
9.99398E-05 9.99398E-05 9.99398E-05 9.99398E-05 9.99398E-05 0.896763 9.99398E-05 0.102437 9.99398E-05 9.99398E-05
9.99401E-05 0.330761 9.99401E-05 9.99401E-05 0.66844 9.99401E-05 9.99401E-05 9.99401E-05 9.99401E-05 9.99401E-05
9.99399E-05 9.99399E-05 9.99399E-05 9.99399E-05 9.99399E-05 9.99399E-05 0.685267 9.99399E-05 9.99399E-05 0.313933
0.971391 9.99406E-05 9.99406E-05 9.99406E-05 9.99406E-05 9.99406E-05 0.0278099 9.99406E-05 9.99406E-05 9.99406E-05
9.99323E-05 9.99323E-05 9.99323E-05 9.99323E-05 9.99323E-05 9.99323E-05 9.99323E-05 9.99323E-05 9.99323E-05 0.999101
9.99327E-05 9.99327E-05 9.99327E-05 9.99327E-05 9.99327E-05 9.99327E-05 9.99327E-05 9.99327E-05 9.99327E-05 0.999101
9.99327E-05 9.99327E-05 9.99327E-05 9.99327E-05 9.99327E-05 9.99327E-05 0.999101 9.99327E-05 9.99327E-05 9.99327E-05
9.99316E-05 9.99316E-05 9.99316E-05 9.99316E-05 9.99316E-05 9.99316E-05 0.999101 9.99316E-05 9.99316E-05 9.99316E-05
9.99323E-05 9.99323E-05 9.99323E-05 9.99323E-05 9.99323E-05 9.99323E-05 9.99323E-05 9.99323E-05 9.99323E-05 0.999101
9.99391E-05 9.99391E-05 9.99391E-05 9.99391E-05 9.99391E-05 9.99391E-05 0.692846 9.99391E-05 9.99391E-05 0.306354
9.99325E-05 9.99325E-05 9.99325E-05 9.99325E-05 9.99325E-05 9.99325E-05 9.99325E-05 9.99325E-05 9.99325E-05 0.999101
9.99315E-05 9.99315E-05 9.99315E-05 9.99315E-05 9.99315E-05 9.99315E-05 9.99315E-05 9.99315E-05 9.99315E-05 0.999101
9.9932E-05 9.9932E-05 9.9932E-05 9.9932E-05 9.9932E-05 9.9932E-05 0.999101 9.9932E-05 9.9932E-05 9.9932E-05
9.99316E-05 9.99316E-05 9.99316E-05 9.99316E-05 9.99316E-05 9.99316E-05 0.999101 9.99316E-05 9.99316E-05 9.99316E-05
9.99392E-05 9.99392E-05 9.99392E-05 9.99392E-05 9.99392E-05 9.99392E-05 9.99392E-05 0.0147058 9.99392E-05 0.984495
9.99318E-05 9.99318E-05 9.99318E-05 9.99318E-05 9.99318E-05 9.99318E-05 0.999101 9.99318E-05 9.99318E-05 9.99318E-05
9.99317E-05 9.99317E-05 9.99317E-05 9.99317E-05 9.99317E-05 9.99317E-05 9.99317E-05 9.99317E-05 9.99317E-05 0.999101
9.99399E-05 9.99399E-05 9.99399E-05 9.99399E-05 0.245008 9.99399E-05 0.754193 9.99399E-05 9.99399E-05 9.99399E-05
9.99401E-05 9.99401E-05 9.99401E-05 9.99401E-05 9.99401E-05 9.99401E-05 0.940085 0.0591152 9.99401E-05 9.99401E-05
9.99327E-05 9.99327E-05 0.999101 9.99327E-05 9.99327E-05 9.99327E-05 9.99327E-05 9.99327E-05 9.99327E-05 9.99327E-05
9.99319E-05 9.99319E-05 9.99319E-05 9.99319E-05 9.99319E-05 9.99319E-05 0.999101 9.99319E-05 9.99319E-05 9.99319E-05
0.999101 9.99321E-05 9.99321E-05 9.99321E-05 9.99321E-05 9.99321E-05 9.99321E-05 9.99321E-05 9.99321E-05 9.99321E-05
9.9932E-05 9.9932E-05 9.9932E-05 9.9932E-05 9.9932E-05 0.999101 9.9932E-05 9.9932E-05 9.9932E-05 9.9932E-05
0.999101 9.99321E-05 9.99321E-05 9.99321E-05 9.99321E-05 9.99321E-05 9.99321E-05 9.99321E-05 9.99321E-05 9.99321E-05
9.99322E-05 9.99322E-05 9.99322E-05 9.99322E-05 9.99322E-05 9.99322E-05 9.99322E-05 9.99322E-05 9.99322E-05 0.999101
9.99321E-05 9.99321E-05 0.999101 9.99321E-05 9.99321E-05 9.99321E-05 9.99321E-05 9.99321E-05 9.99321E-05 9.99321E-05
9.99403E-05 9.99403E-05 9.99403E-05 9.99403E-05 9.99403E-05 0.222605 9.99403E-05 9.99403E-05 9.99403E-05 0.776595
9.99396E-05 9.99396E-05 9.99396E-05 9.99396E-05 9.99396E-05 0.883511 9.99396E-05 9.99396E-05 9.99396E-05 0.11569
9.99319E-05 9.99319E-05 9.99319E-05 9.99319E-05 9.99319E-05 9.99319E-05 0.999101 9.99319E-05 9.99319E-05 9.99319E-05
9.99315E-05 9.99315E-05 9.99315E-05 9.99315E-05 9.99315E-05 9.99315E-05 9.99315E-05 9.99315E-05 9.99315E-05 0.999101
9.99321E-05 9.99321E-05 9.99321E-05 9.99321E-05 9.99321E-05 9.99321E-05 0.999101 9.99321E-05 9.99321E-05 9.99321E-05
9.99403E-05 9.99403E-05 0.907237 9.99403E-05 9.99403E-05 9.99403E-05 9.99403E-05 0.0919634 9.99403E-05 9.99403E-05
9.99323E-05 9.99323E-05 9.99323E-05 9.99323E-05 9.99323E-05 9.99323E-05 9.99323E-05 9.99323E-05 9.99323E-05 0.999101
9.99327E-05 9.99327E-05 9.99327E-05 9.99327E-05 9.99327E-05 9.99327E-05 0.999101 9.99327E-05 9.99327E-05 9.99327E-05
9.99471E-05 9.99471E-05 9.99471E-05 9.99471E-05 9.99471E-05 0.206357 9.99471E-05 0.0132555 9.99471E-05 0.779687
9.99332E-05 9.99332E-05 9.99332E-05 9.99332E-05 9.99332E-05 9.99332E-05 0.999101 9.99332E-05 9.99332E-05 9.99332E-05
9.99201E-05 9.99201E-05 9.99201E-05 9.99201E-05 9.99201E-05 0.999101 9.99201E-05 9.99201E-05 9.99201E-05 9.99201E-05
9.99319E-05 9.99319E-05 9.99319E-05 9.99319E-05 9.99319E-05 9.99319E-05 9.99319E-05 9.99319E-05 9.99319E-05 0.999101
9.99393E-05 9.99393E-05 9.99393E-05 9.99393E-05 9.99393E-05 9.99393E-05 9.99393E-05 0.49151 9.99393E-05 0.50769
9.99326E-05 9.99326E-05 9.99326E-05 9.99326E-05 9.99326E-05 9.99326E-05 0.999101 9.99326E-05 9.99326E-05 9.99326E-05
9.99323E-05 9.99323E-05 9.99323E-05 9.99323E-05 9.99323E-05 9.99323E-05 9.99323E-05 9.99323E-05 9.99323E-05 0.999101
9.99334E-05 9.99334E-05 9.99334E-05 9.99334E-05 9.99334E-05 9.99334E-05 0.999101 9.99334E-05 9.99334E-05 9.99334E-05
9.99392E-05 9.99392E-05 9.99392E-05 9.99392E-05 9.99392E-05 9.99392E-05 9.99392E-05 0.14297 9.99392E-05 0.85623
9.99397E-05 9.99397E-05 9.99397E-05 9.99397E-05 9.99397E-05 9.99397E-05 0.653615 9.99397E-05 9.99397E-05 0.345586
9.99319E-05 9.99319E-05 9.99319E-05 9.99319E-05 9.99319E-05 9.99319E-05 9.99319E-05 9.99319E-05 9.99319E-05 0.999101
9.99399E-05 9.99399E-05 9.99399E-05 9.99399E-05 9.99399E-05 9.99399E-05 0.633498 9.99399E-05 9.99399E-05 0.365703
9.99317E-05 9.99317E-05 9.99317E-05 9.99317E-05 9.99317E-05 9.99317E-05 9.99317E-05 9.99317E-05 9.99317E-05 0.999101
9.99319E-05 9.99319E-05 0.999101 9.99319E-05 9.99319E-05 9.99319E-05 9.99319E-05 9.99319E-05 9.99319E-05 9.99319E-05
9.99321E-05 9.99321E-05 9.99321E-05 9.99321E-05 9.99321E-05 9.99321E-05 9.99321E-05 9.99321E-05 9.99321E-05 0.999101
0.811485 9.99397E-05 0.187716 9.99397E-05 9.99397E-05 9.99397E-05 9.99397E-05 9.99397E-05 9.99397E-05 9.99397E-05
9.99405E-05 9.99405E-05 9.99405E-05 9.99405E-05 9.99405E-05 9.99405E-05 0.00823223 9.99405E-05 9.99405E-05 0.990968
9.99318E-05 9.99318E-05 0.999101 9.99318E-05 9.99318E-05 9.99318E-05 9.99318E-05 9.99318E-05 9.99318E-05 9.99318E-05
9.99317E-05 9.99317E-05 9.99317E-05 9.99317E-05 9.99317E-05 9.99317E-05 0.999101 9.99317E-05 9.99317E-05 9.99317E-05
9.99401E-05 9.99401E-05 9.99401E-05 9.99401E-05 9.99401E-05 9.99401E-05 9.99401E-05 9.99401E-05 0.033315 0.965885
0.999101 9.99323E-05 9.99323E-05 9.99323E-05 9.99323E-05 9.99323E-05 9.99323E-05 9.99323E-05 9.99323E-05 9.99323E-05
0.999101 9.99322E-05 9.99322E-05 9.99322E-05 9.99322E-05 9.99322E-05 9.99322E-05 9.99322E-05 9.99322E-05 9.99322E-05
0.688257 9.99402E-05 9.99402E-05 9.99402E-05 9.99402E-05 9.99402E-05 0.310943 9.99402E-05 9.99402E-05 9.99402E-05
9.99477E-05 0.386567 9.99477E-05 9.99477E-05 9.99477E-05 0.586058 9.99477E-05 9.99477E-05 9.99477E-05 0.026675
0.999101 9.99322E-05 9.99322E-05 9.99322E-05 9.99322E-05 9.99322E-05 9.99322E-05 9.99322E-05 9.99322E-05 9.99322E-05
0.452089 9.99472E-05 9.99472E-05 9.99472E-05 9.99472E-05 9.99472E-05 9.99472E-05 0.501736 9.99472E-05 0.045476
0.0481152 9.99401E-05 9.99401E-05 9.99401E-05 9.99401E-05 9.99401E-05 9.99401E-05 9.99401E-05 9.99401E-05 0.951085
0.693597 9.99476E-05 9.99476E-05 9.99476E-05 9.99476E-05 0.247416 9.99476E-05 0.058288 9.99476E-05 9.99476E-05
9.99408E-05 9.99408E-05 9.99408E-05 9.99408E-05 9.99408E-05 9.99408E-05 0.952582 9.99408E-05 0.0466183 9.99408E-05
0.85088 9.99401E-05 9.99401E-05 9.99401E-05 9.99401E-05 9.99401E-05 9.99401E-05 0.14832 9.99401E-05 9.99401E-05
9.99326E-05 9.99326E-05 9.99326E-05 9.99326E-05 9.99326E-05 9.99326E-05 0.999101 9.99326E-05 9.99326E-05 9.99326E-05
0.995043 9.99397E-05 9.99397E-05 9.99397E-05 9.99397E-05 9.99397E-05 9.99397E-05 0.00415763 9.99397E-05 9.99397E-05
0.908058 9.99397E-05 9.99397E-05 9.99397E-05 9.99397E-05 9.99397E-05 9.99397E-05 9.99397E-05 9.99397E-05 0.0911427
9.99399E-05 9.99399E-05 9.99399E-05 0.0784261 9.99399E-05 9.99399E-05 9.99399E-05 9.99399E-05 9.99399E-05 0.920774
0.938134 9.994E-05 9.994E-05 9.994E-05 9.994E-05 0.0610666 9.994E-05 9.994E-05 9.994E-05 9.994E-05
0.999101 9.99323E-05 9.99323E-05 9.99323E-05 9.99323E-05 9.99323E-05 9.99323E-05 9.99323E-05 9.99323E-05 9.99323E-05
9.99318E-05 9.99318E-05 9.99318E-05 9.99318E-05 9.99318E-05 9.99318E-05 9.99318E-05 9.99318E-05 9.99318E-05 0.999101
0.840658 0.158542 9.994E-05 9.994E-05 9.994E-05 9.994E-05 9.994E-05 9.994E-05 9.994E-05 9.994E-05
0.999101 9.99318E-05 9.99318E-05 9.99318E-05 9.99318E-05 9.99318E-05 9.99318E-05 9.99318E-05 9.99318E-05 9.99318E-05
0.999101 9.99327E-05 9.99327E-05 9.99327E-05 9.99327E-05 9.99327E-05 9.99327E-05 9.99327E-05 9.99327E-05 9.99327E-05
0.999101 9.99316E-05 9.99316E-05 9.99316E-05 9.99316E-05 9.99316E-05 9.99316E-05 9.99316E-05 9.99316E-05 9.99316E-05
9.99322E-05 9.99322E-05 9.99322E-05 9.99322E-05 9.99322E-05 9.99322E-05 9.99322E-05 9.99322E-05 9.99322E-05 0.999101
9.99327E-05 9.99327E-05 9.99327E-05 9.99327E-05 9.99327E-05 9.99327E-05 9.99327E-05 9.99327E-05 9.99327E-05 0.999101
9.99402E-05 9.99402E-05 9.99402E-05 9.99402E-05 0.103383 9.99402E-05 9.99402E-05 9.99402E-05 9.99402E-05 0.895818
9.99316E-05 9.99316E-05 9.99316E-05 9.99316E-05 9.99316E-05 9.99316E-05 9.99316E-05 9.99316E-05 9.99316E-05 0.999101
9.99403E-05 9.99403E-05 0.0193123 9.99403E-05 9.99403E-05 9.99403E-05 9.99403E-05 9.99403E-05 9.99403E-05 0.979888
9.99317E-05 9.99317E-05 9.99317E-05 9.99317E-05 9.99317E-05 9.99317E-05 9.99317E-05 9.99317E-05 9.99317E-05 0.999101
9.9932E-05 9.9932E-05 9.9932E-05 9.9932E-05 9.9932E-05 9.9932E-05 9.9932E-05 9.9932E-05 9.9932E-05 0.999101
9.99321E-05 9.99321E-05 9.99321E-05 9.99321E-05 9.99321E-05 9.99321E-05 9.99321E-05 9.99321E-05 9.99321E-05 0.999101
9.99321E-05 9.99321E-05 9.99321E-05 9.99321E-05 9.99321E-05 9.99321E-05 9.99321E-05 9.99321E-05 9.99321E-05 0.999101
9.994E-05 9.994E-05 9.994E-05 9.994E-05 9.994E-05 0.0257697 9.994E-05 9.994E-05 9.994E-05 0.973431
0.999101 9.99322E-05 9.99322E-05 9.99322E-05 9.99322E-05 9.99322E-05 9.99322E-05 9.99322E-05 9.99322E-05 9.99322E-05
9.9932E-05 9.9932E-05 9.9932E-05 9.9932E-05 9.9932E-05 9.9932E-05 9.9932E-05 9.9932E-05 9.9932E-05 0.999101
9.99323E-05 9.99323E-05 9.99323E-05 9.99323E-05 9.99323E-05 9.99323E-05 0.999101 9.99323E-05 9.99323E-05 9.99323E-05
9.99322E-05 9.99322E-05 9.99322E-05 9.99322E-05 9.99322E-05 9.99322E-05 9.99322E-05 9.99322E-05 9.99322E-05 0.999101
9.99407E-05 9.99407E-05 9.99407E-05 9.99407E-05 9.99407E-05 9.99407E-05 9.99407E-05 9.99407E-05 0.777968 0.221233
0.583131 9.99473E-05 0.0622975 9.99473E-05 9.99473E-05 9.99473E-05 9.99473E-05 0.353872 9.99473E-05 9.99473E-05
9.99322E-05 9.99322E-05 9.99322E-05 9.99322E-05 9.99322E-05 9.99322E-05 9.99322E-05 9.99322E-05 9.99322E-05 0.999101
9.99397E-05 9.99397E-05 9.99397E-05 9.99397E-05 9.99397E-05 9.99397E-05 0.145834 9.99397E-05 9.99397E-05 0.853367
9.99323E-05 9.99323E-05 9.99323E-05 9.99323E-05 9.99323E-05 9.99323E-05 9.99323E-05 9.99323E-05 9.99323E-05 0.999101
9.99324E-05 9.99324E-05 9.99324E-05 9.99324E-05 9.99324E-05 9.99324E-05 9.99324E-05 9.99324E-05 9.99324E-05 0.999101
9.99394E-05 9.99394E-05 9.99394E-05 9.99394E-05 9.99394E-05 9.99394E-05 0.0586963 9.99394E-05 9.99394E-05 0.940504
9.99399E-05 9.99399E-05 9.99399E-05 9.99399E-05 9.99399E-05 9.99399E-05 0.974095 9.99399E-05 9.99399E-05 0.0251058
9.99478E-05 9.99478E-05 0.312648 9.99478E-05 9.99478E-05 0.549156 9.99478E-05 9.99478E-05 9.99478E-05 0.137496
0.129677 9.994E-05 9.994E-05 9.994E-05 9.994E-05 9.994E-05 0.869523 9.994E-05 9.994E-05 9.994E-05
9.9932E-05 9.9932E-05 0.999101 9.9932E-05 9.9932E-05 9.9932E-05 9.9932E-05 9.9932E-05 9.9932E-05 9.9932E-05
0.896423 9.99398E-05 9.99398E-05 9.99398E-05 9.99398E-05 9.99398E-05 9.99398E-05 9.99398E-05 9.99398E-05 0.102777
0.999101 9.99321E-05 9.99321E-05 9.99321E-05 9.99321E-05 9.99321E-05 9.99321E-05 9.99321E-05 9.99321E-05 9.99321E-05
0.999101 9.99324E-05 9.99324E-05 9.99324E-05 9.99324E-05 9.99324E-05 9.99324E-05 9.99324E-05 9.99324E-05 9.99324E-05
9.99332E-05 9.99332E-05 0.999101 9.99332E-05 9.99332E-05 9.99332E-05 9.99332E-05 9.99332E-05 9.99332E-05 9.99332E-05
9.99319E-05 9.99319E-05 9.99319E-05 9.99319E-05 9.99319E-05 9.99319E-05 9.99319E-05 9.99319E-05 9.99319E-05 0.999101
0.999101 9.99322E-05 9.99322E-05 9.99322E-05 9.99322E-05 9.99322E-05 9.99322E-05 9.99322E-05 9.99322E-05 9.99322E-05
9.99321E-05 9.99321E-05 9.99321E-05 9.99321E-05 9.99321E-05 9.99321E-05 9.99321E-05 9.99321E-05 9.99321E-05 0.999101
0.560202 9.99404E-05 9.99404E-05 9.99404E-05 9.99404E-05 9.99404E-05 9.99404E-05 9.99404E-05 9.99404E-05 0.438999
9.99323E-05 9.99323E-05 9.99323E-05 9.99323E-05 9.99323E-05 9.99323E-05 0.999101 9.99323E-05 9.99323E-05 9.99323E-05
9.994E-05 9.994E-05 9.994E-05 9.994E-05 9.994E-05 9.994E-05 0.137075 9.994E-05 9.994E-05 0.862126
