9.99693E-05 0.9995 9.99693E-05 9.99693E-05 9.99693E-05 9.99693E-05
9.99696E-05 9.99696E-05 9.99696E-05 0.9995 9.99696E-05 9.99696E-05
9.99696E-05 0.9995 9.99696E-05 9.99696E-05 9.99696E-05 9.99696E-05
9.99695E-05 9.99695E-05 9.99695E-05 0.9995 9.99695E-05 9.99695E-05
9.99693E-05 0.9995 9.99693E-05 9.99693E-05 9.99693E-05 9.99693E-05
9.99696E-05 9.99696E-05 9.99696E-05 0.9995 9.99696E-05 9.99696E-05
9.99689E-05 9.99689E-05 9.99689E-05 0.9995 9.99689E-05 9.99689E-05
0.9995 9.99712E-05 9.99712E-05 9.99712E-05 9.99712E-05 9.99712E-05
9.99699E-05 9.99699E-05 9.99699E-05 0.9995 9.99699E-05 9.99699E-05
9.996E-05 0.9995 9.996E-05 9.996E-05 9.996E-05 9.996E-05
9.996E-05 0.9995 9.996E-05 9.996E-05 9.996E-05 9.996E-05
0.9995 9.99708E-05 9.99708E-05 9.99708E-05 9.99708E-05 9.99708E-05
9.99695E-05 9.99695E-05 0.9995 9.99695E-05 9.99695E-05 9.99695E-05
9.99698E-05 9.99698E-05 0.9995 9.99698E-05 9.99698E-05 9.99698E-05
9.99732E-05 0.9995 9.99732E-05 9.99732E-05 9.99732E-05 9.99732E-05
9.9972E-05 9.9972E-05 9.9972E-05 9.9972E-05 9.9972E-05 0.9995
9.99706E-05 9.99706E-05 0.9995 9.99706E-05 9.99706E-05 9.99706E-05
9.99721E-05 9.99721E-05 9.99721E-05 9.99721E-05 0.9995 9.99721E-05
9.99719E-05 9.99719E-05 9.99719E-05 9.99719E-05 9.99719E-05 0.9995
9.99727E-05 0.9995 9.99727E-05 9.99727E-05 9.99727E-05 9.99727E-05
9.9973E-05 9.9973E-05 9.9973E-05 9.9973E-05 9.9973E-05 0.9995
0.9995 9.99712E-05 9.99712E-05 9.99712E-05 9.99712E-05 9.99712E-05
9.99703E-05 9.99703E-05 9.99703E-05 9.99703E-05 9.99703E-05 0.9995
0.9995 9.99696E-05 9.99696E-05 9.99696E-05 9.99696E-05 9.99696E-05
9.997E-05 0.9995 9.997E-05 9.997E-05 9.997E-05 9.997E-05
9.99716E-05 9.99716E-05 9.99716E-05 9.99716E-05 0.9995 9.99716E-05
9.99712E-05 0.9995 9.99712E-05 9.99712E-05 9.99712E-05 9.99712E-05
9.99714E-05 9.99714E-05 0.9995 9.99714E-05 9.99714E-05 9.99714E-05
9.99712E-05 9.99712E-05 0.9995 9.99712E-05 9.99712E-05 9.99712E-05
9.99717E-05 9.99717E-05 0.9995 9.99717E-05 9.99717E-05 9.99717E-05
9.99724E-05 0.9995 9.99724E-05 9.99724E-05 9.99724E-05 9.99724E-05
9.9971E-05 9.9971E-05 9.9971E-05 9.9971E-05 0.9995 9.9971E-05
9.99713E-05 9.99713E-05 0.9995 9.99713E-05 9.99713E-05 9.99713E-05
0.9995 9.99703E-05 9.99703E-05 9.99703E-05 9.99703E-05 9.99703E-05
0.9995 9.99721E-05 9.99721E-05 9.99721E-05 9.99721E-05 9.99721E-05
0.187969 0.811631 9.99776E-05 9.99776E-05 9.99776E-05 9.99776E-05
9.99704E-05 0.9995 9.99704E-05 9.99704E-05 9.99704E-05 9.99704E-05
0.9995 9.99702E-05 9.99702E-05 9.99702E-05 9.99702E-05 9.99702E-05
0.9995 9.99707E-05 9.99707E-05 9.99707E-05 9.99707E-05 9.99707E-05
9.99698E-05 9.99698E-05 0.9995 9.99698E-05 9.99698E-05 9.99698E-05
9.996E-05 0.0589194 9.996E-05 9.996E-05 9.996E-05 0.940681
0.9995 9.99713E-05 9.99713E-05 9.99713E-05 9.99713E-05 9.99713E-05
9.99718E-05 9.99718E-05 9.99718E-05 9.99718E-05 9.99718E-05 0.9995
9.99715E-05 9.99715E-05 0.9995 9.99715E-05 9.99715E-05 9.99715E-05
9.996E-05 9.996E-05 9.996E-05 9.996E-05 9.996E-05 0.9995
9.99693E-05 0.9995 9.99693E-05 9.99693E-05 9.99693E-05 9.99693E-05
9.99696E-05 9.99696E-05 9.99696E-05 0.9995 9.99696E-05 9.99696E-05
9.99696E-05 0.9995 9.99696E-05 9.99696E-05 9.99696E-05 9.99696E-05
9.997E-05 9.997E-05 9.997E-05 0.9995 9.997E-05 9.997E-05
9.99701E-05 0.9995 9.99701E-05 9.99701E-05 9.99701E-05 9.99701E-05
9.99696E-05 9.99696E-05 9.99696E-05 0.9995 9.99696E-05 9.99696E-05
9.99689E-05 9.99689E-05 9.99689E-05 0.9995 9.99689E-05 9.99689E-05
0.9995 9.99707E-05 9.99707E-05 9.99707E-05 9.99707E-05 9.99707E-05
9.99699E-05 9.99699E-05 9.99699E-05 0.9995 9.99699E-05 9.99699E-05
9.99701E-05 0.9995 9.99701E-05 9.99701E-05 9.99701E-05 9.99701E-05
9.99698E-05 0.9995 9.99698E-05 9.99698E-05 9.99698E-05 9.99698E-05
0.9995 9.99709E-05 9.99709E-05 9.99709E-05 9.99709E-05 9.99709E-05
9.99702E-05 9.99702E-05 0.9995 9.99702E-05 9.99702E-05 9.99702E-05
9.99699E-05 9.99699E-05 0.9995 9.99699E-05 9.99699E-05 9.99699E-05
9.99714E-05 9.99714E-05 0.9995 9.99714E-05 9.99714E-05 9.99714E-05
9.99723E-05 9.99723E-05 9.99723E-05 9.99723E-05 0.9995 9.99723E-05
9.99701E-05 9.99701E-05 9.99701E-05 0.9995 9.99701E-05 9.99701E-05
9.99727E-05 9.99727E-05 0.9995 9.99727E-05 9.99727E-05 9.99727E-05
9.99709E-05 9.99709E-05 0.9995 9.99709E-05 9.99709E-05 9.99709E-05
9.99757E-05 0.196526 9.99757E-05 0.803074 9.99757E-05 9.99757E-05
9.99696E-05 9.99696E-05 9.99696E-05 0.9995 9.99696E-05 9.99696E-05
9.99696E-05 0.9995 9.99696E-05 9.99696E-05 9.99696E-05 9.99696E-05
9.997E-05 9.997E-05 9.997E-05 0.9995 9.997E-05 9.997E-05
9.99695E-05 0.9995 9.99695E-05 9.99695E-05 9.99695E-05 9.99695E-05
9.99696E-05 9.99696E-05 9.99696E-05 0.9995 9.99696E-05 9.99696E-05
9.99689E-05 9.99689E-05 9.99689E-05 0.9995 9.99689E-05 9.99689E-05
0.9995 9.99702E-05 9.99702E-05 9.99702E-05 9.99702E-05 9.99702E-05
9.99699E-05 9.99699E-05 9.99699E-05 0.9995 9.99699E-05 9.99699E-05
9.997E-05 0.9995 9.997E-05 9.997E-05 9.997E-05 9.997E-05
9.99698E-05 0.9995 9.99698E-05 9.99698E-05 9.99698E-05 9.99698E-05
0.9995 9.99707E-05 9.99707E-05 9.99707E-05 9.99707E-05 9.99707E-05
9.99702E-05 9.99702E-05 0.9995 9.99702E-05 9.99702E-05 9.99702E-05
9.99699E-05 9.99699E-05 0.9995 9.99699E-05 9.99699E-05 9.99699E-05
9.99709E-05 9.99709E-05 9.99709E-05 9.99709E-05 9.99709E-05 0.9995
9.99712E-05 9.99712E-05 0.9995 9.99712E-05 9.99712E-05 9.99712E-05
9.99721E-05 9.99721E-05 9.99721E-05 9.99721E-05 0.9995 9.99721E-05
9.9972E-05 9.9972E-05 0.9995 9.9972E-05 9.9972E-05 9.9972E-05
9.99714E-05 9.99714E-05 0.9995 9.99714E-05 9.99714E-05 9.99714E-05
9.99702E-05 9.99702E-05 9.99702E-05 9.99702E-05 9.99702E-05 0.9995
9.99724E-05 9.99724E-05 9.99724E-05 9.99724E-05 9.99724E-05 0.9995
9.99709E-05 9.99709E-05 9.99709E-05 9.99709E-05 9.99709E-05 0.9995
9.99729E-05 9.99729E-05 9.99729E-05 9.99729E-05 9.99729E-05 0.9995
9.9977E-05 9.9977E-05 0.0311535 9.9977E-05 9.9977E-05 0.968447
9.99777E-05 9.99777E-05 0.558628 9.99777E-05 9.99777E-05 0.440972
9.99727E-05 9.99727E-05 9.99727E-05 9.99727E-05 0.9995 9.99727E-05
9.99727E-05 9.99727E-05 0.9995 9.99727E-05 9.99727E-05 9.99727E-05
9.99705E-05 9.99705E-05 0.9995 9.99705E-05 9.99705E-05 9.99705E-05
9.99718E-05 9.99718E-05 0.9995 9.99718E-05 9.99718E-05 9.99718E-05
0.9995 9.99704E-05 9.99704E-05 9.99704E-05 9.99704E-05 9.99704E-05
