9.9982E-05 9.9982E-05 0.9997 9.9982E-05
9.99821E-05 9.99821E-05 0.9997 9.99821E-05
9.99824E-05 9.99824E-05 0.9997 9.99824E-05
9.99821E-05 9.99821E-05 0.9997 9.99821E-05
9.99822E-05 9.99822E-05 0.9997 9.99822E-05
9.99825E-05 9.99825E-05 0.9997 9.99825E-05
9.99818E-05 9.99818E-05 0.9997 9.99818E-05
9.998E-05 9.998E-05 9.998E-05 0.9997
9.99825E-05 9.99825E-05 0.9997 9.99825E-05
9.9982E-05 9.9982E-05 9.9982E-05 0.9997
9.99819E-05 9.99819E-05 9.99819E-05 0.9997
9.99827E-05 9.99827E-05 9.99827E-05 0.9997
9.99822E-05 9.99822E-05 0.9997 9.99822E-05
9.99827E-05 9.99827E-05 0.9997 9.99827E-05
9.99837E-05 0.9997 9.99837E-05 9.99837E-05
0.9997 9.99836E-05 9.99836E-05 9.99836E-05
9.99828E-05 9.99828E-05 0.9997 9.99828E-05
9.99843E-05 0.9997 9.99843E-05 9.99843E-05
9.99837E-05 0.9997 9.99837E-05 9.99837E-05
9.998E-05 0.9997 9.998E-05 9.998E-05
9.998E-05 0.9997 9.998E-05 9.998E-05
9.99829E-05 9.99829E-05 9.99829E-05 0.9997
9.99832E-05 0.9997 9.99832E-05 9.99832E-05
9.99823E-05 0.9997 9.99823E-05 9.99823E-05
9.99883E-05 9.99883E-05 0.395906 0.603894
9.99839E-05 0.9997 9.99839E-05 9.99839E-05
9.99832E-05 9.99832E-05 9.99832E-05 0.9997
9.99827E-05 0.9997 9.99827E-05 9.99827E-05
9.99833E-05 9.99833E-05 0.9997 9.99833E-05
9.9983E-05 9.9983E-05 0.9997 9.9983E-05
9.99835E-05 9.99835E-05 9.99835E-05 0.9997
9.99821E-05 0.9997 9.99821E-05 9.99821E-05
9.99827E-05 0.9997 9.99827E-05 9.99827E-05
9.99824E-05 0.9997 9.99824E-05 9.99824E-05
0.9997 9.99831E-05 9.99831E-05 9.99831E-05
9.99833E-05 0.9997 9.99833E-05 9.99833E-05
9.99827E-05 9.99827E-05 9.99827E-05 0.9997
9.99822E-05 0.9997 9.99822E-05 9.99822E-05
9.99829E-05 9.99829E-05 0.9997 9.99829E-05
9.99824E-05 9.99824E-05 0.9997 9.99824E-05
9.998E-05 0.9997 9.998E-05 9.998E-05
9.99828E-05 0.9997 9.99828E-05 9.99828E-05
9.99838E-05 9.99838E-05 9.99838E-05 0.9997
0.9997 9.99835E-05 9.99835E-05 9.99835E-05
0.9997 9.99827E-05 9.99827E-05 9.99827E-05
9.9982E-05 9.9982E-05 0.9997 9.9982E-05
9.99822E-05 9.99822E-05 0.9997 9.99822E-05
9.99829E-05 9.99829E-05 0.9997 9.99829E-05
9.99826E-05 9.99826E-05 0.9997 9.99826E-05
9.99822E-05 9.99822E-05 0.9997 9.99822E-05
9.99826E-05 9.99826E-05 0.9997 9.99826E-05
9.99821E-05 9.99821E-05 0.9997 9.99821E-05
9.99824E-05 9.99824E-05 9.99824E-05 0.9997
9.99826E-05 9.99826E-05 0.9997 9.99826E-05
9.99822E-05 9.99822E-05 9.99822E-05 0.9997
9.9982E-05 9.9982E-05 9.9982E-05 0.9997
9.99827E-05 9.99827E-05 9.99827E-05 0.9997
9.99823E-05 9.99823E-05 0.9997 9.99823E-05
9.99824E-05 9.99824E-05 0.9997 9.99824E-05
9.99836E-05 9.99836E-05 0.9997 9.99836E-05
0.9997 9.99846E-05 9.99846E-05 9.99846E-05
9.99824E-05 9.99824E-05 0.9997 9.99824E-05
0.9997 9.99852E-05 9.99852E-05 9.99852E-05
9.99831E-05 9.99831E-05 0.9997 9.99831E-05
9.9982E-05 9.9982E-05 0.9997 9.9982E-05
9.99823E-05 9.99823E-05 0.9997 9.99823E-05
9.99827E-05 9.99827E-05 0.9997 9.99827E-05
9.99822E-05 9.99822E-05 0.9997 9.99822E-05
9.99823E-05 9.99823E-05 0.9997 9.99823E-05
9.99826E-05 9.99826E-05 0.9997 9.99826E-05
9.99818E-05 9.99818E-05 0.9997 9.99818E-05
9.99825E-05 9.99825E-05 9.99825E-05 0.9997
9.99825E-05 9.99825E-05 0.9997 9.99825E-05
9.99823E-05 9.99823E-05 9.99823E-05 0.9997
9.99823E-05 9.99823E-05 9.99823E-05 0.9997
9.99827E-05 9.99827E-05 9.99827E-05 0.9997
9.99823E-05 9.99823E-05 0.9997 9.99823E-05
9.99823E-05 9.99823E-05 0.9997 9.99823E-05
9.99829E-05 0.9997 9.99829E-05 9.99829E-05
9.99829E-05 9.99829E-05 0.9997 9.99829E-05
9.99838E-05 0.9997 9.99838E-05 9.99838E-05
0.9997 9.99832E-05 9.99832E-05 9.99832E-05
9.99835E-05 9.99835E-05 0.9997 9.99835E-05
9.99828E-05 9.99828E-05 9.99828E-05 0.9997
9.99834E-05 0.9997 9.99834E-05 9.99834E-05
0.9997 9.99828E-05 9.99828E-05 9.99828E-05
9.99842E-05 0.9997 9.99842E-05 9.99842E-05
0.9997 9.99829E-05 9.99829E-05 9.99829E-05
0.9997 9.99829E-05 9.99829E-05 9.99829E-05
0.9997 9.99841E-05 9.99841E-05 9.99841E-05
0.9997 9.99837E-05 9.99837E-05 9.99837E-05
9.99828E-05 9.99828E-05 0.9997 9.99828E-05
0.9997 9.99827E-05 9.99827E-05 9.99827E-05
9.998E-05 9.998E-05 9.998E-05 0.9997
