9.999E-05 0.9998 9.999E-05
9.999E-05 0.9998 9.999E-05
9.999E-05 0.9998 9.999E-05
9.999E-05 0.9998 9.999E-05
9.999E-05 0.9998 9.999E-05
9.999E-05 0.9998 9.999E-05
9.999E-05 0.9998 9.999E-05
9.999E-05 0.9998 9.999E-05
9.999E-05 0.9998 9.999E-05
9.999E-05 0.9998 9.999E-05
9.999E-05 0.9998 9.999E-05
9.999E-05 0.9998 9.999E-05
9.999E-05 0.9998 9.999E-05
0.0470136 0.952886 9.99942E-05
9.999E-05 9.999E-05 0.9998
0.9998 9.999E-05 9.999E-05
0.587179 0.412721 9.99943E-05
9.999E-05 9.999E-05 0.9998
9.999E-05 9.999E-05 0.9998
9.999E-05 9.999E-05 0.9998
9.999E-05 9.999E-05 0.9998
9.999E-05 9.999E-05 0.9998
0.9998 9.999E-05 9.999E-05
9.999E-05 9.999E-05 0.9998
9.999E-05 0.9998 9.999E-05
9.999E-05 9.999E-05 0.9998
9.999E-05 0.9998 9.999E-05
0.9998 9.999E-05 9.999E-05
0.560476 0.439424 9.99944E-05
9.999E-05 0.9998 9.999E-05
9.999E-05 9.999E-05 0.9998
9.999E-05 9.999E-05 0.9998
0.9998 9.999E-05 9.999E-05
9.999E-05 9.999E-05 0.9998
9.999E-05 9.999E-05 0.9998
9.999E-05 9.999E-05 0.9998
9.999E-05 0.9998 9.999E-05
9.999E-05 9.999E-05 0.9998
9.999E-05 0.9998 9.999E-05
0.9998 9.999E-05 9.999E-05
9.999E-05 9.999E-05 0.9998
9.999E-05 9.999E-05 0.9998
9.999E-05 9.999E-05 0.9998
0.9998 9.999E-05 9.999E-05
0.9998 9.999E-05 9.999E-05
9.999E-05 0.9998 9.999E-05
9.999E-05 0.9998 9.999E-05
9.999E-05 0.9998 9.999E-05
9.999E-05 0.9998 9.999E-05
9.999E-05 0.9998 9.999E-05
9.999E-05 0.9998 9.999E-05
9.999E-05 0.9998 9.999E-05
9.999E-05 0.9998 9.999E-05
9.999E-05 0.9998 9.999E-05
9.999E-05 0.9998 9.999E-05
9.999E-05 0.9998 9.999E-05
9.999E-05 0.9998 9.999E-05
9.999E-05 0.9998 9.999E-05
9.999E-05 0.9998 9.999E-05
0.850846 0.149054 9.99946E-05
9.99903E-05 9.99903E-05 0.9998
9.999E-05 0.9998 9.999E-05
0.9998 9.999E-05 9.999E-05
0.9998 9.999E-05 9.999E-05
9.999E-05 0.9998 9.999E-05
9.999E-05 0.9998 9.999E-05
9.999E-05 0.9998 9.999E-05
9.999E-05 0.9998 9.999E-05
9.999E-05 0.9998 9.999E-05
9.999E-05 0.9998 9.999E-05
9.999E-05 0.9998 9.999E-05
9.999E-05 0.9998 9.999E-05
9.999E-05 0.9998 9.999E-05
9.999E-05 0.9998 9.999E-05
9.999E-05 0.9998 9.999E-05
9.999E-05 0.9998 9.999E-05
9.999E-05 0.9998 9.999E-05
9.999E-05 0.9998 9.999E-05
9.999E-05 9.999E-05 0.9998
0.645809 0.354091 9.99943E-05
0.9998 9.999E-05 9.999E-05
0.9998 9.999E-05 9.999E-05
0.103267 0.896633 9.99946E-05
0.842988 0.156912 9.99942E-05
9.999E-05 9.999E-05 0.9998
0.9998 9.999E-05 9.999E-05
9.999E-05 9.999E-05 0.9998
0.9998 9.999E-05 9.999E-05
0.9998 9.999E-05 9.999E-05
0.9998 9.999E-05 9.999E-05
0.9998 9.999E-05 9.999E-05
0.9998 9.999E-05 9.999E-05
0.9998 9.999E-05 9.999E-05
9.99942E-05 0.327084 0.672816
