0.9996 9.99755E-05 9.99755E-05 9.99755E-05 9.99755E-05
0.9996 9.99761E-05 9.99761E-05 9.99761E-05 9.99761E-05
0.9996 9.99765E-05 9.99765E-05 9.99765E-05 9.99765E-05
0.9996 9.99758E-05 9.99758E-05 9.99758E-05 9.99758E-05
0.9996 9.99755E-05 9.99755E-05 9.99755E-05 9.99755E-05
0.9996 9.99765E-05 9.99765E-05 9.99765E-05 9.99765E-05
0.9996 9.997E-05 9.997E-05 9.997E-05 9.997E-05
9.99765E-05 9.99765E-05 0.9996 9.99765E-05 9.99765E-05
0.9996 9.99762E-05 9.99762E-05 9.99762E-05 9.99762E-05
0.9996 9.99759E-05 9.99759E-05 9.99759E-05 9.99759E-05
0.9996 9.99763E-05 9.99763E-05 9.99763E-05 9.99763E-05
9.99769E-05 9.99769E-05 0.9996 9.99769E-05 9.99769E-05
9.99761E-05 0.9996 9.99761E-05 9.99761E-05 9.99761E-05
0.478469 0.521231 9.99826E-05 9.99826E-05 9.99826E-05
9.9978E-05 9.9978E-05 0.9996 9.9978E-05 9.9978E-05
9.99778E-05 9.99778E-05 9.99778E-05 0.9996 9.99778E-05
9.99763E-05 0.9996 9.99763E-05 9.99763E-05 9.99763E-05
9.99784E-05 9.99784E-05 9.99784E-05 9.99784E-05 0.9996
9.9978E-05 9.9978E-05 9.9978E-05 0.9996 9.9978E-05
0.328546 9.99834E-05 0.671154 9.99834E-05 9.99834E-05
9.99784E-05 9.99784E-05 9.99784E-05 0.9996 9.99784E-05
9.99776E-05 0.9996 9.99776E-05 9.99776E-05 9.99776E-05
9.99764E-05 9.99764E-05 9.99764E-05 0.9996 9.99764E-05
9.99762E-05 9.99762E-05 0.9996 9.99762E-05 9.99762E-05
0.9996 9.99768E-05 9.99768E-05 9.99768E-05 9.99768E-05
9.99777E-05 9.99777E-05 9.99777E-05 9.99777E-05 0.9996
0.133978 9.99834E-05 0.865722 9.99834E-05 9.99834E-05
9.99769E-05 9.99769E-05 9.99769E-05 9.99769E-05 0.9996
9.99768E-05 0.9996 9.99768E-05 9.99768E-05 9.99768E-05
0.519559 0.480141 9.99831E-05 9.99831E-05 9.99831E-05
9.99779E-05 9.99779E-05 0.9996 9.99779E-05 9.99779E-05
9.99763E-05 9.99763E-05 9.99763E-05 9.99763E-05 0.9996
9.99767E-05 9.99767E-05 9.99767E-05 9.99767E-05 0.9996
9.99762E-05 9.99762E-05 0.9996 9.99762E-05 9.99762E-05
9.99775E-05 0.9996 9.99775E-05 9.99775E-05 9.99775E-05
9.99773E-05 9.99773E-05 0.9996 9.99773E-05 9.99773E-05
9.99773E-05 9.99773E-05 0.9996 9.99773E-05 9.99773E-05
9.99762E-05 9.99762E-05 0.9996 9.99762E-05 9.99762E-05
0.105891 9.99825E-05 9.99825E-05 0.893809 9.99825E-05
9.99761E-05 0.9996 9.99761E-05 9.99761E-05 9.99761E-05
9.99768E-05 9.99768E-05 9.99768E-05 0.9996 9.99768E-05
9.9977E-05 9.9977E-05 9.9977E-05 0.9996 9.9977E-05
9.99771E-05 9.99771E-05 9.99771E-05 0.9996 9.99771E-05
9.9977E-05 0.9996 9.9977E-05 9.9977E-05 9.9977E-05
9.99777E-05 0.9996 9.99777E-05 9.99777E-05 9.99777E-05
0.9996 9.99763E-05 9.99763E-05 9.99763E-05 9.99763E-05
0.9996 9.99757E-05 9.99757E-05 9.99757E-05 9.99757E-05
0.9996 9.9976E-05 9.9976E-05 9.9976E-05 9.9976E-05
0.9996 9.99763E-05 9.99763E-05 9.99763E-05 9.99763E-05
0.9996 9.9976E-05 9.9976E-05 9.9976E-05 9.9976E-05
0.9996 9.99767E-05 9.99767E-05 9.99767E-05 9.99767E-05
0.9996 9.99763E-05 9.99763E-05 9.99763E-05 9.99763E-05
9.99766E-05 9.99766E-05 0.9996 9.99766E-05 9.99766E-05
0.9996 9.99768E-05 9.99768E-05 9.99768E-05 9.99768E-05
0.9996 9.99761E-05 9.99761E-05 9.99761E-05 9.99761E-05
0.9996 9.99761E-05 9.99761E-05 9.99761E-05 9.99761E-05
9.9977E-05 9.9977E-05 0.9996 9.9977E-05 9.9977E-05
9.99767E-05 0.9996 9.99767E-05 9.99767E-05 9.99767E-05
9.99763E-05 0.9996 9.99763E-05 9.99763E-05 9.99763E-05
9.99769E-05 0.9996 9.99769E-05 9.99769E-05 9.99769E-05
9.99784E-05 9.99784E-05 9.99784E-05 9.99784E-05 0.9996
0.9996 9.99766E-05 9.99766E-05 9.99766E-05 9.99766E-05
9.9979E-05 0.9996 9.9979E-05 9.9979E-05 9.9979E-05
9.99764E-05 0.9996 9.99764E-05 9.99764E-05 9.99764E-05
0.9996 9.99755E-05 9.99755E-05 9.99755E-05 9.99755E-05
0.9996 9.99756E-05 9.99756E-05 9.99756E-05 9.99756E-05
0.9996 9.9976E-05 9.9976E-05 9.9976E-05 9.9976E-05
0.9996 9.99759E-05 9.99759E-05 9.99759E-05 9.99759E-05
0.9996 9.99764E-05 9.99764E-05 9.99764E-05 9.99764E-05
0.9996 9.99767E-05 9.99767E-05 9.99767E-05 9.99767E-05
0.9996 9.99759E-05 9.99759E-05 9.99759E-05 9.99759E-05
9.99763E-05 9.99763E-05 0.9996 9.99763E-05 9.99763E-05
0.9996 9.99763E-05 9.99763E-05 9.99763E-05 9.99763E-05
0.9996 9.99761E-05 9.99761E-05 9.99761E-05 9.99761E-05
0.9996 9.99761E-05 9.99761E-05 9.99761E-05 9.99761E-05
9.9977E-05 9.9977E-05 0.9996 9.9977E-05 9.9977E-05
9.99764E-05 0.9996 9.99764E-05 9.99764E-05 9.99764E-05
9.99762E-05 0.9996 9.99762E-05 9.99762E-05 9.99762E-05
9.99774E-05 9.99774E-05 9.99774E-05 0.9996 9.99774E-05
9.9977E-05 0.9996 9.9977E-05 9.9977E-05 9.9977E-05
9.99776E-05 9.99776E-05 9.99776E-05 9.99776E-05 0.9996
9.99777E-05 0.9996 9.99777E-05 9.99777E-05 9.99777E-05
9.99775E-05 0.9996 9.99775E-05 9.99775E-05 9.99775E-05
9.99763E-05 9.99763E-05 9.99763E-05 0.9996 9.99763E-05
9.99774E-05 9.99774E-05 9.99774E-05 0.9996 9.99774E-05
9.99769E-05 9.99769E-05 9.99769E-05 0.9996 9.99769E-05
9.99786E-05 9.99786E-05 9.99786E-05 9.99786E-05 0.9996
9.9983E-05 0.710075 9.9983E-05 9.9983E-05 0.289625
9.99778E-05 0.9996 9.99778E-05 9.99778E-05 9.99778E-05
9.99787E-05 9.99787E-05 9.99787E-05 9.99787E-05 0.9996
9.99773E-05 0.9996 9.99773E-05 9.99773E-05 9.99773E-05
9.99765E-05 0.9996 9.99765E-05 9.99765E-05 9.99765E-05
9.9978E-05 0.9996 9.9978E-05 9.9978E-05 9.9978E-05
9.99764E-05 9.99764E-05 0.9996 9.99764E-05 9.99764E-05
