9.99693E-05 0.9995 9.99693E-05 9.99693E-05 9.99693E-05 9.99693E-05
9.99696E-05 0.9995 9.99696E-05 9.99696E-05 9.99696E-05 9.99696E-05
9.99699E-05 0.9995 9.99699E-05 9.99699E-05 9.99699E-05 9.99699E-05
9.99699E-05 0.9995 9.99699E-05 9.99699E-05 9.99699E-05 9.99699E-05
9.99693E-05 0.9995 9.99693E-05 9.99693E-05 9.99693E-05 9.99693E-05
9.9971E-05 0.9995 9.9971E-05 9.9971E-05 9.9971E-05 9.9971E-05
9.997E-05 0.9995 9.997E-05 9.997E-05 9.997E-05 9.997E-05
9.99707E-05 0.9995 9.99707E-05 9.99707E-05 9.99707E-05 9.99707E-05
9.99704E-05 0.9995 9.99704E-05 9.99704E-05 9.99704E-05 9.99704E-05
9.99697E-05 0.9995 9.99697E-05 9.99697E-05 9.99697E-05 9.99697E-05
9.99697E-05 0.9995 9.99697E-05 9.99697E-05 9.99697E-05 9.99697E-05
9.99713E-05 9.99713E-05 0.9995 9.99713E-05 9.99713E-05 9.99713E-05
0.9995 9.99698E-05 9.99698E-05 9.99698E-05 9.99698E-05 9.99698E-05
0.9995 9.99697E-05 9.99697E-05 9.99697E-05 9.99697E-05 9.99697E-05
9.99725E-05 9.99725E-05 9.99725E-05 9.99725E-05 0.9995 9.99725E-05
9.99723E-05 9.99723E-05 9.99723E-05 0.9995 9.99723E-05 9.99723E-05
0.9995 9.99705E-05 9.99705E-05 9.99705E-05 9.99705E-05 9.99705E-05
9.9971E-05 9.9971E-05 9.9971E-05 9.9971E-05 9.9971E-05 0.9995
9.99726E-05 9.99726E-05 9.99726E-05 9.99726E-05 0.9995 9.99726E-05
9.9972E-05 9.9972E-05 9.9972E-05 9.9972E-05 0.9995 9.9972E-05
9.99728E-05 9.99728E-05 9.99728E-05 9.99728E-05 0.9995 9.99728E-05
9.99715E-05 9.99715E-05 0.9995 9.99715E-05 9.99715E-05 9.99715E-05
9.99708E-05 9.99708E-05 0.9995 9.99708E-05 9.99708E-05 9.99708E-05
9.99701E-05 9.99701E-05 9.99701E-05 9.99701E-05 0.9995 9.99701E-05
9.99702E-05 0.9995 9.99702E-05 9.99702E-05 9.99702E-05 9.99702E-05
9.99704E-05 9.99704E-05 9.99704E-05 9.99704E-05 9.99704E-05 0.9995
9.99716E-05 9.99716E-05 9.99716E-05 9.99716E-05 0.9995 9.99716E-05
9.99702E-05 9.99702E-05 9.99702E-05 0.9995 9.99702E-05 9.99702E-05
0.9995 9.996E-05 9.996E-05 9.996E-05 9.996E-05 9.996E-05
9.9972E-05 0.9995 9.9972E-05 9.9972E-05 9.9972E-05 9.9972E-05
9.99718E-05 9.99718E-05 9.99718E-05 9.99718E-05 0.9995 9.99718E-05
9.99703E-05 9.99703E-05 9.99703E-05 0.9995 9.99703E-05 9.99703E-05
9.99705E-05 9.99705E-05 9.99705E-05 0.9995 9.99705E-05 9.99705E-05
9.99701E-05 9.99701E-05 9.99701E-05 9.99701E-05 0.9995 9.99701E-05
9.9972E-05 9.9972E-05 0.9995 9.9972E-05 9.9972E-05 9.9972E-05
9.99717E-05 9.99717E-05 9.99717E-05 9.99717E-05 0.9995 9.99717E-05
9.99714E-05 9.99714E-05 9.99714E-05 9.99714E-05 0.9995 9.99714E-05
9.99702E-05 9.99702E-05 9.99702E-05 9.99702E-05 0.9995 9.99702E-05
9.99712E-05 0.9995 9.99712E-05 9.99712E-05 9.99712E-05 9.99712E-05
0.9995 9.99704E-05 9.99704E-05 9.99704E-05 9.99704E-05 9.99704E-05
9.99725E-05 9.99725E-05 0.9995 9.99725E-05 9.99725E-05 9.99725E-05
9.99715E-05 9.99715E-05 0.9995 9.99715E-05 9.99715E-05 9.99715E-05
9.9971E-05 9.9971E-05 0.9995 9.9971E-05 9.9971E-05 9.9971E-05
0.9995 9.99722E-05 9.99722E-05 9.99722E-05 9.99722E-05 9.99722E-05
9.99709E-05 9.99709E-05 9.99709E-05 0.9995 9.99709E-05 9.99709E-05
9.99694E-05 0.9995 9.99694E-05 9.99694E-05 9.99694E-05 9.99694E-05
9.99694E-05 0.9995 9.99694E-05 9.99694E-05 9.99694E-05 9.99694E-05
9.99699E-05 0.9995 9.99699E-05 9.99699E-05 9.99699E-05 9.99699E-05
9.997E-05 0.9995 9.997E-05 9.997E-05 9.997E-05 9.997E-05
9.99702E-05 0.9995 9.99702E-05 9.99702E-05 9.99702E-05 9.99702E-05
9.99724E-05 0.9995 9.99724E-05 9.99724E-05 9.99724E-05 9.99724E-05
9.99701E-05 0.9995 9.99701E-05 9.99701E-05 9.99701E-05 9.99701E-05
0.482222 0.517378 9.99772E-05 9.99772E-05 9.99772E-05 9.99772E-05
9.99706E-05 0.9995 9.99706E-05 9.99706E-05 9.99706E-05 9.99706E-05
9.99699E-05 0.9995 9.99699E-05 9.99699E-05 9.99699E-05 9.99699E-05
9.99699E-05 0.9995 9.99699E-05 9.99699E-05 9.99699E-05 9.99699E-05
9.99716E-05 9.99716E-05 0.9995 9.99716E-05 9.99716E-05 9.99716E-05
0.9995 9.99698E-05 9.99698E-05 9.99698E-05 9.99698E-05 9.99698E-05
0.9995 9.99697E-05 9.99697E-05 9.99697E-05 9.99697E-05 9.99697E-05
0.9995 9.99713E-05 9.99713E-05 9.99713E-05 9.99713E-05 9.99713E-05
9.9971E-05 9.9971E-05 9.9971E-05 9.9971E-05 9.9971E-05 0.9995
0.424105 0.575495 9.99767E-05 9.99767E-05 9.99767E-05 9.99767E-05
0.9995 9.99732E-05 9.99732E-05 9.99732E-05 9.99732E-05 9.99732E-05
0.9995 9.99704E-05 9.99704E-05 9.99704E-05 9.99704E-05 9.99704E-05
9.99693E-05 0.9995 9.99693E-05 9.99693E-05 9.99693E-05 9.99693E-05
9.99695E-05 0.9995 9.99695E-05 9.99695E-05 9.99695E-05 9.99695E-05
9.99693E-05 0.9995 9.99693E-05 9.99693E-05 9.99693E-05 9.99693E-05
9.99705E-05 0.9995 9.99705E-05 9.99705E-05 9.99705E-05 9.99705E-05
9.99699E-05 0.9995 9.99699E-05 9.99699E-05 9.99699E-05 9.99699E-05
9.99714E-05 0.9995 9.99714E-05 9.99714E-05 9.99714E-05 9.99714E-05
9.99699E-05 0.9995 9.99699E-05 9.99699E-05 9.99699E-05 9.99699E-05
9.99716E-05 0.9995 9.99716E-05 9.99716E-05 9.99716E-05 9.99716E-05
9.99706E-05 0.9995 9.99706E-05 9.99706E-05 9.99706E-05 9.99706E-05
9.99696E-05 0.9995 9.99696E-05 9.99696E-05 9.99696E-05 9.99696E-05
9.99699E-05 0.9995 9.99699E-05 9.99699E-05 9.99699E-05 9.99699E-05
9.9977E-05 0.020739 0.978861 9.9977E-05 9.9977E-05 9.9977E-05
0.9995 9.99698E-05 9.99698E-05 9.99698E-05 9.99698E-05 9.99698E-05
0.9995 9.99697E-05 9.99697E-05 9.99697E-05 9.99697E-05 9.99697E-05
9.99713E-05 9.99713E-05 9.99713E-05 0.9995 9.99713E-05 9.99713E-05
0.9995 9.99713E-05 9.99713E-05 9.99713E-05 9.99713E-05 9.99713E-05
9.9971E-05 9.9971E-05 9.9971E-05 0.9995 9.9971E-05 9.9971E-05
0.9995 9.99727E-05 9.99727E-05 9.99727E-05 9.99727E-05 9.99727E-05
0.9995 9.99717E-05 9.99717E-05 9.99717E-05 9.99717E-05 9.99717E-05
9.99701E-05 9.99701E-05 0.9995 9.99701E-05 9.99701E-05 9.99701E-05
9.99725E-05 9.99725E-05 0.9995 9.99725E-05 9.99725E-05 9.99725E-05
9.99707E-05 9.99707E-05 9.99707E-05 0.9995 9.99707E-05 9.99707E-05
9.99722E-05 9.99722E-05 0.9995 9.99722E-05 9.99722E-05 9.99722E-05
9.99702E-05 9.99702E-05 9.99702E-05 0.9995 9.99702E-05 9.99702E-05
9.99709E-05 9.99709E-05 9.99709E-05 0.9995 9.99709E-05 9.99709E-05
9.99736E-05 9.99736E-05 9.99736E-05 0.9995 9.99736E-05 9.99736E-05
0.9995 9.99719E-05 9.99719E-05 9.99719E-05 9.99719E-05 9.99719E-05
0.9995 9.99706E-05 9.99706E-05 9.99706E-05 9.99706E-05 9.99706E-05
9.99704E-05 9.99704E-05 9.99704E-05 0.9995 9.99704E-05 9.99704E-05
9.9971E-05 9.9971E-05 9.9971E-05 9.9971E-05 0.9995 9.9971E-05
