9.99819E-05 0.9997 9.99819E-05 9.99819E-05
9.99818E-05 0.9997 9.99818E-05 9.99818E-05
9.9982E-05 0.9997 9.9982E-05 9.9982E-05
9.9982E-05 0.9997 9.9982E-05 9.9982E-05
9.998E-05 0.9997 9.998E-05 9.998E-05
9.99826E-05 0.9997 9.99826E-05 9.99826E-05
9.99819E-05 0.9997 9.99819E-05 9.99819E-05
0.9997 9.99825E-05 9.99825E-05 9.99825E-05
9.99823E-05 0.9997 9.99823E-05 9.99823E-05
9.99819E-05 0.9997 9.99819E-05 9.99819E-05
9.99819E-05 0.9997 9.99819E-05 9.99819E-05
0.9997 9.99827E-05 9.99827E-05 9.99827E-05
0.9997 9.9982E-05 9.9982E-05 9.9982E-05
0.9997 9.9982E-05 9.9982E-05 9.9982E-05
9.99834E-05 9.99834E-05 9.99834E-05 0.9997
9.99833E-05 9.99833E-05 0.9997 9.99833E-05
0.9997 9.99822E-05 9.99822E-05 9.99822E-05
9.9984E-05 9.9984E-05 9.9984E-05 0.9997
9.99838E-05 9.99838E-05 0.9997 9.99838E-05
9.99838E-05 0.9997 9.99838E-05 9.99838E-05
9.99835E-05 9.99835E-05 0.9997 9.99835E-05
0.9997 9.99829E-05 9.99829E-05 9.99829E-05
9.99828E-05 9.99828E-05 0.9997 9.99828E-05
9.9982E-05 9.9982E-05 9.9982E-05 0.9997
9.99823E-05 0.9997 9.99823E-05 9.99823E-05
9.99833E-05 9.99833E-05 9.99833E-05 0.9997
9.99834E-05 0.9997 9.99834E-05 9.99834E-05
9.99825E-05 9.99825E-05 0.9997 9.99825E-05
0.9997 9.99826E-05 9.99826E-05 9.99826E-05
0.0052009 0.994599 9.99889E-05 9.99889E-05
9.99833E-05 9.99833E-05 9.99833E-05 0.9997
9.99825E-05 9.99825E-05 0.9997 9.99825E-05
9.99826E-05 9.99826E-05 0.9997 9.99826E-05
9.99825E-05 9.99825E-05 9.99825E-05 0.9997
9.99831E-05 9.99831E-05 9.99831E-05 0.9997
9.99892E-05 0.962385 0.0374147 9.99892E-05
9.99832E-05 0.9997 9.99832E-05 9.99832E-05
9.99823E-05 9.99823E-05 9.99823E-05 0.9997
9.99827E-05 0.9997 9.99827E-05 9.99827E-05
0.9997 9.99822E-05 9.99822E-05 9.99822E-05
9.99892E-05 0.563109 0.436691 9.99892E-05
9.9983E-05 9.9983E-05 9.9983E-05 0.9997
0.9997 9.99833E-05 9.99833E-05 9.99833E-05
0.9997 9.99827E-05 9.99827E-05 9.99827E-05
9.998E-05 9.998E-05 0.9997 9.998E-05
9.998E-05 0.9997 9.998E-05 9.998E-05
9.99818E-05 0.9997 9.99818E-05 9.99818E-05
9.998E-05 0.9997 9.998E-05 9.998E-05
9.99821E-05 0.9997 9.99821E-05 9.99821E-05
9.99819E-05 0.9997 9.99819E-05 9.99819E-05
9.99826E-05 0.9997 9.99826E-05 9.99826E-05
9.9982E-05 0.9997 9.9982E-05 9.9982E-05
0.9997 9.99828E-05 9.99828E-05 9.99828E-05
9.99824E-05 0.9997 9.99824E-05 9.99824E-05
9.9982E-05 0.9997 9.9982E-05 9.9982E-05
9.9982E-05 0.9997 9.9982E-05 9.9982E-05
0.9997 9.99831E-05 9.99831E-05 9.99831E-05
0.9997 9.9982E-05 9.9982E-05 9.9982E-05
0.9997 9.99821E-05 9.99821E-05 9.99821E-05
0.9997 9.9983E-05 9.9983E-05 9.9983E-05
9.99841E-05 9.99841E-05 9.99841E-05 0.9997
0.549659 0.450141 9.99884E-05 9.99884E-05
0.9997 9.99841E-05 9.99841E-05 9.99841E-05
0.9997 9.99825E-05 9.99825E-05 9.99825E-05
9.998E-05 0.9997 9.998E-05 9.998E-05
9.9982E-05 0.9997 9.9982E-05 9.9982E-05
9.99817E-05 0.9997 9.99817E-05 9.99817E-05
9.99821E-05 0.9997 9.99821E-05 9.99821E-05
9.99819E-05 0.9997 9.99819E-05 9.99819E-05
9.99828E-05 0.9997 9.99828E-05 9.99828E-05
9.99821E-05 0.9997 9.99821E-05 9.99821E-05
0.9997 9.99824E-05 9.99824E-05 9.99824E-05
9.99824E-05 0.9997 9.99824E-05 9.99824E-05
9.9982E-05 0.9997 9.9982E-05 9.9982E-05
9.99818E-05 0.9997 9.99818E-05 9.99818E-05
0.9997 9.99828E-05 9.99828E-05 9.99828E-05
0.9997 9.9982E-05 9.9982E-05 9.9982E-05
0.9997 9.99822E-05 9.99822E-05 9.99822E-05
9.99827E-05 9.99827E-05 0.9997 9.99827E-05
0.620848 0.378952 9.99887E-05 9.99887E-05
9.99828E-05 9.99828E-05 0.9997 9.99828E-05
0.9997 9.99838E-05 9.99838E-05 9.99838E-05
0.9997 9.99832E-05 9.99832E-05 9.99832E-05
0.9997 9.99825E-05 9.99825E-05 9.99825E-05
9.99836E-05 9.99836E-05 0.9997 9.99836E-05
9.99825E-05 9.99825E-05 0.9997 9.99825E-05
9.99844E-05 9.99844E-05 0.9997 9.99844E-05
9.998E-05 9.998E-05 0.9997 9.998E-05
9.9983E-05 9.9983E-05 0.9997 9.9983E-05
9.99847E-05 9.99847E-05 9.99847E-05 0.9997
0.9997 9.99833E-05 9.99833E-05 9.99833E-05
0.9997 9.99825E-05 9.99825E-05 9.99825E-05
9.99833E-05 9.99833E-05 0.9997 9.99833E-05
9.99823E-05 9.99823E-05 9.99823E-05 0.9997
