9.99311E-05 9.99311E-05 9.99311E-05 9.99311E-05 9.99311E-05 9.99311E-05 9.99311E-05 9.99311E-05 0.999101 9.99311E-05
9.99312E-05 9.99312E-05 9.99312E-05 9.99312E-05 9.99312E-05 9.99312E-05 9.99312E-05 9.99312E-05 0.999101 9.99312E-05
9.99313E-05 9.99313E-05 9.99313E-05 9.99313E-05 9.99313E-05 9.99313E-05 9.99313E-05 9.99313E-05 0.999101 9.99313E-05
9.99313E-05 9.99313E-05 9.99313E-05 9.99313E-05 9.99313E-05 9.99313E-05 9.99313E-05 9.99313E-05 0.999101 9.99313E-05
9.99311E-05 9.99311E-05 9.99311E-05 9.99311E-05 9.99311E-05 9.99311E-05 9.99311E-05 9.99311E-05 0.999101 9.99311E-05
9.99319E-05 9.99319E-05 9.99319E-05 9.99319E-05 9.99319E-05 9.99319E-05 9.99319E-05 9.99319E-05 0.999101 9.99319E-05
9.99316E-05 9.99316E-05 9.99316E-05 9.99316E-05 9.99316E-05 9.99316E-05 9.99316E-05 9.99316E-05 0.999101 9.99316E-05
9.99394E-05 9.99394E-05 9.99394E-05 9.99394E-05 9.99394E-05 9.99394E-05 9.99394E-05 0.177061 0.822139 9.99394E-05
9.99316E-05 9.99316E-05 9.99316E-05 9.99316E-05 9.99316E-05 9.99316E-05 9.99316E-05 9.99316E-05 0.999101 9.99316E-05
9.99312E-05 9.99312E-05 9.99312E-05 9.99312E-05 9.99312E-05 9.99312E-05 9.99312E-05 9.99312E-05 0.999101 9.99312E-05
9.99312E-05 9.99312E-05 9.99312E-05 9.99312E-05 9.99312E-05 9.99312E-05 9.99312E-05 9.99312E-05 0.999101 9.99312E-05
9.99396E-05 9.99396E-05 9.99396E-05 9.99396E-05 9.99396E-05 9.99396E-05 9.99396E-05 0.574373 0.424828 9.99396E-05
9.99313E-05 9.99313E-05 9.99313E-05 9.99313E-05 9.99313E-05 9.99313E-05 9.99313E-05 9.99313E-05 9.99313E-05 0.999101
9.99314E-05 9.99314E-05 9.99314E-05 9.99314E-05 9.99314E-05 9.99314E-05 9.99314E-05 9.99314E-05 9.99314E-05 0.999101
9.99396E-05 9.99396E-05 0.55772 9.99396E-05 9.99396E-05 9.99396E-05 9.99396E-05 0.44148 9.99396E-05 9.99396E-05
9.99477E-05 9.99477E-05 9.99477E-05 9.99477E-05 9.99477E-05 0.305363 9.99477E-05 0.461665 9.99477E-05 0.232273
9.99318E-05 9.99318E-05 9.99318E-05 9.99318E-05 9.99318E-05 9.99318E-05 9.99318E-05 9.99318E-05 9.99318E-05 0.999101
9.99329E-05 9.99329E-05 9.99329E-05 9.99329E-05 9.99329E-05 9.99329E-05 9.99329E-05 0.999101 9.99329E-05 9.99329E-05
9.99405E-05 9.99405E-05 9.99405E-05 9.99405E-05 9.99405E-05 9.99405E-05 9.99405E-05 0.775127 9.99405E-05 0.224073
9.994E-05 9.994E-05 9.994E-05 9.994E-05 9.994E-05 9.994E-05 9.994E-05 0.394242 0.604958 9.994E-05
9.99479E-05 9.99479E-05 9.99479E-05 9.99479E-05 0.345548 9.99479E-05 9.99479E-05 0.137511 9.99479E-05 0.516242
9.99391E-05 9.99391E-05 9.99391E-05 0.105079 9.99391E-05 9.99391E-05 9.99391E-05 0.894121 9.99391E-05 9.99391E-05
9.99398E-05 9.99398E-05 9.99398E-05 9.99398E-05 9.99398E-05 9.99398E-05 9.99398E-05 0.704779 0.294422 9.99398E-05
9.99315E-05 9.99315E-05 9.99315E-05 9.99315E-05 9.99315E-05 9.99315E-05 9.99315E-05 0.999101 9.99315E-05 9.99315E-05
9.9932E-05 9.9932E-05 9.9932E-05 9.9932E-05 9.9932E-05 9.9932E-05 9.9932E-05 9.9932E-05 0.999101 9.9932E-05
9.99326E-05 9.99326E-05 9.99326E-05 9.99326E-05 9.99326E-05 9.99326E-05 9.99326E-05 0.999101 9.99326E-05 9.99326E-05
9.99475E-05 9.99475E-05 9.99475E-05 0.0437612 9.99475E-05 9.99475E-05 9.99475E-05 0.0922528 0.863286 9.99475E-05
9.99318E-05 9.99318E-05 9.99318E-05 9.99318E-05 9.99318E-05 9.99318E-05 9.99318E-05 9.99318E-05 9.99318E-05 0.999101
9.99318E-05 9.99318E-05 9.99318E-05 9.99318E-05 9.99318E-05 9.99318E-05 9.99318E-05 9.99318E-05 9.99318E-05 0.999101
9.99396E-05 9.99396E-05 9.99396E-05 9.99396E-05 9.99396E-05 9.99396E-05 9.99396E-05 9.99396E-05 0.381621 0.61758
9.99403E-05 9.99403E-05 9.99403E-05 9.99403E-05 9.99403E-05 9.99403E-05 9.99403E-05 0.682381 0.31682 9.99403E-05
9.99322E-05 9.99322E-05 9.99322E-05 9.99322E-05 9.99322E-05 9.99322E-05 9.99322E-05 0.999101 9.99322E-05 9.99322E-05
9.99319E-05 9.99319E-05 9.99319E-05 9.99319E-05 9.99319E-05 9.99319E-05 9.99319E-05 9.99319E-05 9.99319E-05 0.999101
9.99318E-05 9.99318E-05 9.99318E-05 9.99318E-05 9.99318E-05 9.99318E-05 9.99318E-05 0.999101 9.99318E-05 9.99318E-05
9.9932E-05 9.9932E-05 9.9932E-05 9.9932E-05 9.9932E-05 9.9932E-05 9.9932E-05 9.9932E-05 9.9932E-05 0.999101
9.99401E-05 9.99401E-05 9.99401E-05 9.99401E-05 9.99401E-05 9.99401E-05 9.99401E-05 0.0698287 0.929372 9.99401E-05
9.99318E-05 9.99318E-05 9.99318E-05 9.99318E-05 9.99318E-05 9.99318E-05 9.99318E-05 9.99318E-05 0.999101 9.99318E-05
9.99316E-05 9.99316E-05 9.99316E-05 9.99316E-05 9.99316E-05 9.99316E-05 9.99316E-05 0.999101 9.99316E-05 9.99316E-05
9.99318E-05 9.99318E-05 9.99318E-05 9.99318E-05 9.99318E-05 9.99318E-05 9.99318E-05 9.99318E-05 0.999101 9.99318E-05
9.99314E-05 9.99314E-05 9.99314E-05 9.99314E-05 9.99314E-05 9.99314E-05 9.99314E-05 9.99314E-05 9.99314E-05 0.999101
9.99478E-05 9.99478E-05 9.99478E-05 9.99478E-05 9.99478E-05 9.99478E-05 9.99478E-05 0.584025 0.405963 0.00931288
9.99396E-05 9.99396E-05 9.99396E-05 9.99396E-05 9.99396E-05 9.99396E-05 9.99396E-05 0.83145 0.16775 9.99396E-05
9.99472E-05 9.99472E-05 9.99472E-05 9.99472E-05 9.99472E-05 9.99472E-05 9.99472E-05 0.915558 0.00832362 0.0754185
9.99317E-05 9.99317E-05 9.99317E-05 9.99317E-05 9.99317E-05 9.99317E-05 9.99317E-05 9.99317E-05 9.99317E-05 0.999101
9.99323E-05 9.99323E-05 9.99323E-05 9.99323E-05 9.99323E-05 9.99323E-05 9.99323E-05 9.99323E-05 9.99323E-05 0.999101
9.99313E-05 9.99313E-05 9.99313E-05 9.99313E-05 9.99313E-05 9.99313E-05 9.99313E-05 9.99313E-05 0.999101 9.99313E-05
9.9931E-05 9.9931E-05 9.9931E-05 9.9931E-05 9.9931E-05 9.9931E-05 9.9931E-05 9.9931E-05 0.999101 9.9931E-05
9.99317E-05 9.99317E-05 9.99317E-05 9.99317E-05 9.99317E-05 9.99317E-05 9.99317E-05 9.99317E-05 0.999101 9.99317E-05
9.99317E-05 9.99317E-05 9.99317E-05 9.99317E-05 9.99317E-05 9.99317E-05 9.99317E-05 9.99317E-05 0.999101 9.99317E-05
9.99313E-05 9.99313E-05 9.99313E-05 9.99313E-05 9.99313E-05 9.99313E-05 9.99313E-05 9.99313E-05 0.999101 9.99313E-05
9.9932E-05 9.9932E-05 9.9932E-05 9.9932E-05 9.9932E-05 9.9932E-05 9.9932E-05 9.9932E-05 0.999101 9.9932E-05
9.99318E-05 9.99318E-05 9.99318E-05 9.99318E-05 9.99318E-05 9.99318E-05 9.99318E-05 9.99318E-05 0.999101 9.99318E-05
9.99321E-05 9.99321E-05 9.99321E-05 9.99321E-05 9.99321E-05 9.99321E-05 9.99321E-05 9.99321E-05 0.999101 9.99321E-05
9.99317E-05 9.99317E-05 9.99317E-05 9.99317E-05 9.99317E-05 9.99317E-05 9.99317E-05 9.99317E-05 0.999101 9.99317E-05
9.99312E-05 9.99312E-05 9.99312E-05 9.99312E-05 9.99312E-05 9.99312E-05 9.99312E-05 9.99312E-05 0.999101 9.99312E-05
9.99312E-05 9.99312E-05 9.99312E-05 9.99312E-05 9.99312E-05 9.99312E-05 9.99312E-05 9.99312E-05 0.999101 9.99312E-05
9.99472E-05 9.99472E-05 9.99472E-05 0.0076746 9.99472E-05 9.99472E-05 9.99472E-05 0.30642 0.685206 9.99472E-05
9.99317E-05 9.99317E-05 9.99317E-05 9.99317E-05 9.99317E-05 9.99317E-05 9.99317E-05 9.99317E-05 9.99317E-05 0.999101
9.99315E-05 9.99315E-05 9.99315E-05 9.99315E-05 9.99315E-05 9.99315E-05 9.99315E-05 9.99315E-05 9.99315E-05 0.999101
9.99201E-05 9.99201E-05 9.99201E-05 9.99201E-05 9.99201E-05 9.99201E-05 0.470293 9.99201E-05 9.99201E-05 0.528908
9.99326E-05 9.99326E-05 9.99326E-05 9.99326E-05 9.99326E-05 9.99326E-05 9.99326E-05 9.99326E-05 9.99326E-05 0.999101
9.99393E-05 9.99393E-05 9.99393E-05 9.99393E-05 9.99393E-05 9.99393E-05 9.99393E-05 9.99393E-05 0.327717 0.671484
9.9933E-05 9.9933E-05 9.9933E-05 9.9933E-05 9.9933E-05 9.9933E-05 9.9933E-05 9.9933E-05 9.9933E-05 0.999101
9.99316E-05 9.99316E-05 9.99316E-05 9.99316E-05 9.99316E-05 9.99316E-05 9.99316E-05 9.99316E-05 9.99316E-05 0.999101
9.99311E-05 9.99311E-05 9.99311E-05 9.99311E-05 9.99311E-05 9.99311E-05 9.99311E-05 9.99311E-05 0.999101 9.99311E-05
9.99312E-05 9.99312E-05 9.99312E-05 9.99312E-05 9.99312E-05 9.99312E-05 9.99312E-05 9.99312E-05 0.999101 9.99312E-05
9.99313E-05 9.99313E-05 9.99313E-05 9.99313E-05 9.99313E-05 9.99313E-05 9.99313E-05 9.99313E-05 0.999101 9.99313E-05
9.99314E-05 9.99314E-05 9.99314E-05 9.99314E-05 9.99314E-05 9.99314E-05 9.99314E-05 9.99314E-05 0.999101 9.99314E-05
9.99315E-05 9.99315E-05 9.99315E-05 9.99315E-05 9.99315E-05 9.99315E-05 9.99315E-05 9.99315E-05 0.999101 9.99315E-05
9.9932E-05 9.9932E-05 9.9932E-05 9.9932E-05 9.9932E-05 9.9932E-05 9.9932E-05 9.9932E-05 0.999101 9.9932E-05
9.99315E-05 9.99315E-05 9.99315E-05 9.99315E-05 9.99315E-05 9.99315E-05 9.99315E-05 9.99315E-05 0.999101 9.99315E-05
9.9932E-05 9.9932E-05 9.9932E-05 9.9932E-05 9.9932E-05 9.9932E-05 9.9932E-05 9.9932E-05 0.999101 9.9932E-05
9.99318E-05 9.99318E-05 9.99318E-05 9.99318E-05 9.99318E-05 9.99318E-05 9.99318E-05 9.99318E-05 0.999101 9.99318E-05
9.99312E-05 9.99312E-05 9.99312E-05 9.99312E-05 9.99312E-05 9.99312E-05 9.99312E-05 9.99312E-05 0.999101 9.99312E-05
9.99312E-05 9.99312E-05 9.99312E-05 9.99312E-05 9.99312E-05 9.99312E-05 9.99312E-05 9.99312E-05 0.999101 9.99312E-05
9.99398E-05 9.99398E-05 9.99398E-05 9.99398E-05 9.99398E-05 9.99398E-05 9.99398E-05 0.272031 0.727169 9.99398E-05
9.99393E-05 9.99393E-05 9.99393E-05 9.99393E-05 9.99393E-05 9.99393E-05 9.99393E-05 9.99393E-05 0.355372 0.643828
9.99389E-05 9.99389E-05 9.99389E-05 9.99389E-05 9.99389E-05 9.99389E-05 9.99389E-05 9.99389E-05 0.116845 0.882355
9.99397E-05 9.99397E-05 9.99397E-05 9.99397E-05 0.096713 9.99397E-05 9.99397E-05 0.902487 9.99397E-05 9.99397E-05
9.99395E-05 9.99395E-05 9.99395E-05 9.99395E-05 9.99395E-05 9.99395E-05 9.99395E-05 9.99395E-05 0.292648 0.706552
9.99404E-05 9.99404E-05 9.99404E-05 9.99404E-05 9.99404E-05 0.0685639 9.99404E-05 0.930637 9.99404E-05 9.99404E-05
9.99323E-05 9.99323E-05 9.99323E-05 9.99323E-05 9.99323E-05 9.99323E-05 9.99323E-05 9.99323E-05 9.99323E-05 0.999101
9.99321E-05 9.99321E-05 9.99321E-05 9.99321E-05 9.99321E-05 9.99321E-05 9.99321E-05 9.99321E-05 9.99321E-05 0.999101
9.99469E-05 9.99469E-05 9.99469E-05 9.99469E-05 9.99469E-05 9.99469E-05 9.99469E-05 0.90326 0.00824905 0.0877913
9.99325E-05 9.99325E-05 9.99325E-05 9.99325E-05 9.99325E-05 9.99325E-05 9.99325E-05 0.999101 9.99325E-05 9.99325E-05
9.9932E-05 9.9932E-05 9.9932E-05 9.9932E-05 9.9932E-05 9.9932E-05 9.9932E-05 9.9932E-05 9.9932E-05 0.999101
9.994E-05 9.994E-05 9.994E-05 9.994E-05 9.994E-05 0.225256 0.464637 0.278947 9.994E-05 0.03056
9.99322E-05 9.99322E-05 9.99322E-05 9.99322E-05 9.99322E-05 9.99322E-05 9.99322E-05 9.99322E-05 9.99322E-05 0.999101
9.99403E-05 9.99403E-05 9.99403E-05 9.99403E-05 9.99403E-05 9.99403E-05 9.99403E-05 0.0992818 9.99403E-05 0.899919
9.99402E-05 9.99402E-05 0.121028 9.99402E-05 9.99402E-05 9.99402E-05 0.878172 9.99402E-05 9.99402E-05 9.99402E-05
9.99398E-05 9.99398E-05 9.99398E-05 9.99398E-05 9.99398E-05 0.0572845 9.99398E-05 9.99398E-05 9.99398E-05 0.941916
9.99317E-05 9.99317E-05 9.99317E-05 9.99317E-05 9.99317E-05 9.99317E-05 9.99317E-05 9.99317E-05 9.99317E-05 0.999101
9.9932E-05 9.9932E-05 9.9932E-05 9.9932E-05 9.9932E-05 9.9932E-05 9.9932E-05 9.9932E-05 9.9932E-05 0.999101
9.9947E-05 9.9947E-05 9.9947E-05 0.367648 9.9947E-05 9.9947E-05 9.9947E-05 0.406971 0.224681 9.9947E-05
9.99319E-05 9.99319E-05 9.99319E-05 0.999101 9.99319E-05 9.99319E-05 9.99319E-05 9.99319E-05 9.99319E-05 9.99319E-05
9.99398E-05 9.99398E-05 9.99398E-05 9.99398E-05 9.99398E-05 9.99398E-05 9.99398E-05 0.903917 0.0952831 9.99398E-05
9.99315E-05 9.99315E-05 9.99315E-05 9.99315E-05 9.99315E-05 9.99315E-05 9.99315E-05 0.999101 9.99315E-05 9.99315E-05
9.99402E-05 9.99402E-05 9.99402E-05 0.369595 9.99402E-05 9.99402E-05 9.99402E-05 0.629605 9.99402E-05 9.99402E-05
9.99404E-05 9.99404E-05 9.99404E-05 9.99404E-05 9.99404E-05 9.99404E-05 9.99404E-05 0.0830404 0.91616 9.99404E-05
9.99391E-05 9.99391E-05 9.99391E-05 9.99391E-05 9.99391E-05 9.99391E-05 9.99391E-05 0.489282 0.509919 9.99391E-05
9.99396E-05 9.99396E-05 9.99396E-05 0.113568 9.99396E-05 9.99396E-05 9.99396E-05 0.885632 9.99396E-05 9.99396E-05
0.96472 9.99398E-05 9.99398E-05 9.99398E-05 9.99398E-05 9.99398E-05 9.99398E-05 9.99398E-05 0.0344801 9.99398E-05
9.99399E-05 9.99399E-05 9.99399E-05 0.554145 9.99399E-05 9.99399E-05 9.99399E-05 9.99399E-05 0.445055 9.99399E-05
9.99397E-05 9.99397E-05 9.99397E-05 0.250306 9.99397E-05 9.99397E-05 9.99397E-05 0.748894 9.99397E-05 9.99397E-05
9.99319E-05 9.99319E-05 9.99319E-05 9.99319E-05 9.99319E-05 9.99319E-05 9.99319E-05 0.999101 9.99319E-05 9.99319E-05
9.99324E-05 9.99324E-05 9.99324E-05 9.99324E-05 9.99324E-05 9.99324E-05 9.99324E-05 9.99324E-05 9.99324E-05 0.999101
0.245737 9.99415E-05 9.99415E-05 9.99415E-05 9.99415E-05 9.99415E-05 9.99415E-05 0.753463 9.99415E-05 9.99415E-05
9.99467E-05 9.99467E-05 9.99467E-05 0.00789148 9.99467E-05 9.99467E-05 9.99467E-05 0.0282371 0.963172 9.99467E-05
9.99392E-05 9.99392E-05 9.99392E-05 0.949615 9.99392E-05 9.99392E-05 9.99392E-05 9.99392E-05 0.0495857 9.99392E-05
9.99322E-05 9.99322E-05 9.99322E-05 9.99322E-05 9.99322E-05 9.99322E-05 9.99322E-05 0.999101 9.99322E-05 9.99322E-05
9.99323E-05 9.99323E-05 9.99323E-05 9.99323E-05 9.99323E-05 9.99323E-05 9.99323E-05 0.999101 9.99323E-05 9.99323E-05
9.9932E-05 9.9932E-05 9.9932E-05 9.9932E-05 9.9932E-05 9.9932E-05 9.9932E-05 0.999101 9.9932E-05 9.9932E-05
9.99322E-05 9.99322E-05 9.99322E-05 9.99322E-05 9.99322E-05 9.99322E-05 9.99322E-05 9.99322E-05 9.99322E-05 0.999101
0.339814 9.99403E-05 9.99403E-05 9.99403E-05 9.99403E-05 9.99403E-05 9.99403E-05 0.659387 9.99403E-05 9.99403E-05
9.99319E-05 9.99319E-05 9.99319E-05 9.99319E-05 9.99319E-05 9.99319E-05 9.99319E-05 0.999101 9.99319E-05 9.99319E-05
9.99314E-05 9.99314E-05 9.99314E-05 9.99314E-05 9.99314E-05 9.99314E-05 9.99314E-05 0.999101 9.99314E-05 9.99314E-05
9.99331E-05 9.99331E-05 9.99331E-05 9.99331E-05 9.99331E-05 9.99331E-05 9.99331E-05 0.999101 9.99331E-05 9.99331E-05
9.99322E-05 9.99322E-05 9.99322E-05 9.99322E-05 9.99322E-05 9.99322E-05 9.99322E-05 9.99322E-05 9.99322E-05 0.999101
9.99316E-05 9.99316E-05 9.99316E-05 9.99316E-05 9.99316E-05 9.99316E-05 9.99316E-05 0.999101 9.99316E-05 9.99316E-05
9.99402E-05 9.99402E-05 9.99402E-05 9.99402E-05 9.99402E-05 9.99402E-05 9.99402E-05 0.214079 0.785121 9.99402E-05
9.99327E-05 9.99327E-05 9.99327E-05 9.99327E-05 9.99327E-05 9.99327E-05 9.99327E-05 0.999101 9.99327E-05 9.99327E-05
9.99327E-05 9.99327E-05 9.99327E-05 9.99327E-05 9.99327E-05 9.99327E-05 9.99327E-05 9.99327E-05 9.99327E-05 0.999101
9.99403E-05 9.99403E-05 9.99403E-05 9.99403E-05 9.99403E-05 9.99403E-05 9.99403E-05 0.747361 0.251839 9.99403E-05
9.99398E-05 9.99398E-05 9.99398E-05 9.99398E-05 9.99398E-05 9.99398E-05 9.99398E-05 9.99398E-05 0.197821 0.80138
9.99393E-05 9.99393E-05 9.99393E-05 9.99393E-05 9.99393E-05 9.99393E-05 9.99393E-05 0.908503 0.0906976 9.99393E-05
9.99397E-05 9.99397E-05 9.99397E-05 9.99397E-05 9.99397E-05 9.99397E-05 9.99397E-05 9.99397E-05 0.00540636 0.993794
9.99318E-05 9.99318E-05 9.99318E-05 9.99318E-05 9.99318E-05 9.99318E-05 9.99318E-05 9.99318E-05 9.99318E-05 0.999101
9.99327E-05 9.99327E-05 9.99327E-05 9.99327E-05 9.99327E-05 9.99327E-05 9.99327E-05 9.99327E-05 9.99327E-05 0.999101
9.99394E-05 9.99394E-05 0.152953 9.99394E-05 9.99394E-05 9.99394E-05 9.99394E-05 9.99394E-05 9.99394E-05 0.846248
9.99397E-05 9.99397E-05 9.99397E-05 9.99397E-05 9.99397E-05 9.99397E-05 9.99397E-05 0.115409 9.99397E-05 0.883791
9.99415E-05 9.99415E-05 9.99415E-05 9.99415E-05 9.99415E-05 9.99415E-05 9.99415E-05 0.310516 0.688684 9.99415E-05
9.99335E-05 9.99335E-05 9.99335E-05 9.99335E-05 9.99335E-05 9.99335E-05 9.99335E-05 9.99335E-05 9.99335E-05 0.999101
9.99397E-05 9.99397E-05 9.99397E-05 9.99397E-05 9.99397E-05 9.99397E-05 9.99397E-05 0.308731 0.69047 9.99397E-05
9.99319E-05 9.99319E-05 9.99319E-05 9.99319E-05 9.99319E-05 9.99319E-05 9.99319E-05 0.999101 9.99319E-05 9.99319E-05
9.9933E-05 9.9933E-05 9.9933E-05 9.9933E-05 9.9933E-05 9.9933E-05 9.9933E-05 0.999101 9.9933E-05 9.9933E-05
9.99403E-05 9.99403E-05 9.99403E-05 9.99403E-05 9.99403E-05 9.99403E-05 9.99403E-05 0.665247 9.99403E-05 0.333953
9.99393E-05 9.99393E-05 9.99393E-05 9.99393E-05 9.99393E-05 9.99393E-05 9.99393E-05 0.746307 0.252894 9.99393E-05
9.99394E-05 9.99394E-05 0.841007 9.99394E-05 9.99394E-05 9.99394E-05 9.99394E-05 0.158194 9.99394E-05 9.99394E-05
9.99324E-05 9.99324E-05 9.99324E-05 9.99324E-05 9.99324E-05 9.99324E-05 9.99324E-05 0.999101 9.99324E-05 9.99324E-05
9.99317E-05 9.99317E-05 9.99317E-05 0.999101 9.99317E-05 9.99317E-05 9.99317E-05 9.99317E-05 9.99317E-05 9.99317E-05
0.313616 9.99476E-05 9.99476E-05 9.99476E-05 9.99476E-05 9.99476E-05 9.99476E-05 0.603484 0.0822003 9.99476E-05
9.99336E-05 9.99336E-05 9.99336E-05 9.99336E-05 9.99336E-05 9.99336E-05 9.99336E-05 9.99336E-05 0.999101 9.99336E-05
0.938707 9.99483E-05 9.99483E-05 9.99483E-05 9.99483E-05 9.99483E-05 9.99483E-05 0.0451605 9.99483E-05 0.0154331
9.99471E-05 9.99471E-05 9.99471E-05 0.30828 9.99471E-05 9.99471E-05 9.99471E-05 0.514214 0.176807 9.99471E-05
9.99317E-05 9.99317E-05 9.99317E-05 0.999101 9.99317E-05 9.99317E-05 9.99317E-05 9.99317E-05 9.99317E-05 9.99317E-05
9.99318E-05 9.99318E-05 9.99318E-05 0.999101 9.99318E-05 9.99318E-05 9.99318E-05 9.99318E-05 9.99318E-05 9.99318E-05
0.999101 9.99315E-05 9.99315E-05 9.99315E-05 9.99315E-05 9.99315E-05 9.99315E-05 9.99315E-05 9.99315E-05 9.99315E-05
9.99392E-05 9.99392E-05 9.99392E-05 0.493979 9.99392E-05 9.99392E-05 9.99392E-05 0.505221 9.99392E-05 9.99392E-05
9.99318E-05 9.99318E-05 9.99318E-05 0.999101 9.99318E-05 9.99318E-05 9.99318E-05 9.99318E-05 9.99318E-05 9.99318E-05
9.99315E-05 9.99315E-05 0.999101 9.99315E-05 9.99315E-05 9.99315E-05 9.99315E-05 9.99315E-05 9.99315E-05 9.99315E-05
9.9932E-05 9.9932E-05 9.9932E-05 0.999101 9.9932E-05 9.9932E-05 9.9932E-05 9.9932E-05 9.9932E-05 9.9932E-05
9.99322E-05 9.99322E-05 9.99322E-05 0.999101 9.99322E-05 9.99322E-05 9.99322E-05 9.99322E-05 9.99322E-05 9.99322E-05
9.99315E-05 9.99315E-05 9.99315E-05 0.999101 9.99315E-05 9.99315E-05 9.99315E-05 9.99315E-05 9.99315E-05 9.99315E-05
9.99395E-05 9.99395E-05 9.99395E-05 0.538655 9.99395E-05 9.99395E-05 9.99395E-05 0.460546 9.99395E-05 9.99395E-05
9.99315E-05 9.99315E-05 9.99315E-05 0.999101 9.99315E-05 9.99315E-05 9.99315E-05 9.99315E-05 9.99315E-05 9.99315E-05
9.99319E-05 9.99319E-05 0.999101 9.99319E-05 9.99319E-05 9.99319E-05 9.99319E-05 9.99319E-05 9.99319E-05 9.99319E-05
9.9932E-05 9.9932E-05 9.9932E-05 0.999101 9.9932E-05 9.9932E-05 9.9932E-05 9.9932E-05 9.9932E-05 9.9932E-05
9.99398E-05 9.99398E-05 0.307088 9.99398E-05 9.99398E-05 9.99398E-05 9.99398E-05 9.99398E-05 9.99398E-05 0.692112
9.99324E-05 9.99324E-05 0.999101 9.99324E-05 9.99324E-05 9.99324E-05 9.99324E-05 9.99324E-05 9.99324E-05 9.99324E-05
0.999101 9.99322E-05 9.99322E-05 9.99322E-05 9.99322E-05 9.99322E-05 9.99322E-05 9.99322E-05 9.99322E-05 9.99322E-05
9.9932E-05 9.9932E-05 9.9932E-05 0.999101 9.9932E-05 9.9932E-05 9.9932E-05 9.9932E-05 9.9932E-05 9.9932E-05
9.99403E-05 9.99403E-05 9.99403E-05 0.842457 9.99403E-05 9.99403E-05 9.99403E-05 9.99403E-05 9.99403E-05 0.156743
9.99404E-05 9.99404E-05 9.99404E-05 0.454078 9.99404E-05 9.99404E-05 0.545123 9.99404E-05 9.99404E-05 9.99404E-05
0.268612 9.99469E-05 9.99469E-05 0.406558 9.99469E-05 9.99469E-05 9.99469E-05 9.99469E-05 9.99469E-05 0.32413
0.999101 9.9932E-05 9.9932E-05 9.9932E-05 9.9932E-05 9.9932E-05 9.9932E-05 9.9932E-05 9.9932E-05 9.9932E-05
9.99396E-05 9.99396E-05 0.262259 0.736941 9.99396E-05 9.99396E-05 9.99396E-05 9.99396E-05 9.99396E-05 9.99396E-05
9.99318E-05 9.99318E-05 9.99318E-05 0.999101 9.99318E-05 9.99318E-05 9.99318E-05 9.99318E-05 9.99318E-05 9.99318E-05
0.785082 9.99393E-05 9.99393E-05 9.99393E-05 9.99393E-05 9.99393E-05 9.99393E-05 9.99393E-05 0.214119 9.99393E-05
0.160738 9.99469E-05 9.99469E-05 0.328828 9.99469E-05 9.99469E-05 9.99469E-05 9.99469E-05 0.509735 9.99469E-05
9.9932E-05 9.9932E-05 9.9932E-05 0.999101 9.9932E-05 9.9932E-05 9.9932E-05 9.9932E-05 9.9932E-05 9.9932E-05
0.999101 9.99315E-05 9.99315E-05 9.99315E-05 9.99315E-05 9.99315E-05 9.99315E-05 9.99315E-05 9.99315E-05 9.99315E-05
9.99315E-05 9.99315E-05 9.99315E-05 9.99315E-05 9.99315E-05 9.99315E-05 9.99315E-05 0.999101 9.99315E-05 9.99315E-05
9.9932E-05 9.9932E-05 9.9932E-05 0.999101 9.9932E-05 9.9932E-05 9.9932E-05 9.9932E-05 9.9932E-05 9.9932E-05
9.99316E-05 9.99316E-05 0.999101 9.99316E-05 9.99316E-05 9.99316E-05 9.99316E-05 9.99316E-05 9.99316E-05 9.99316E-05
9.99319E-05 9.99319E-05 9.99319E-05 0.999101 9.99319E-05 9.99319E-05 9.99319E-05 9.99319E-05 9.99319E-05 9.99319E-05
9.99316E-05 9.99316E-05 9.99316E-05 0.999101 9.99316E-05 9.99316E-05 9.99316E-05 9.99316E-05 9.99316E-05 9.99316E-05
9.99315E-05 9.99315E-05 9.99315E-05 0.999101 9.99315E-05 9.99315E-05 9.99315E-05 9.99315E-05 9.99315E-05 9.99315E-05
9.99396E-05 9.99396E-05 9.99396E-05 0.832327 9.99396E-05 9.99396E-05 9.99396E-05 0.166874 9.99396E-05 9.99396E-05
9.99318E-05 9.99318E-05 9.99318E-05 0.999101 9.99318E-05 9.99318E-05 9.99318E-05 9.99318E-05 9.99318E-05 9.99318E-05
9.99393E-05 9.99393E-05 0.335082 9.99393E-05 9.99393E-05 9.99393E-05 9.99393E-05 9.99393E-05 9.99393E-05 0.664118
9.99312E-05 9.99312E-05 0.999101 9.99312E-05 9.99312E-05 9.99312E-05 9.99312E-05 9.99312E-05 9.99312E-05 9.99312E-05
9.99403E-05 9.99403E-05 0.249845 9.99403E-05 9.99403E-05 9.99403E-05 9.99403E-05 9.99403E-05 0.749355 9.99403E-05
9.9932E-05 9.9932E-05 0.999101 9.9932E-05 9.9932E-05 9.9932E-05 9.9932E-05 9.9932E-05 9.9932E-05 9.9932E-05
9.99318E-05 9.99318E-05 9.99318E-05 0.999101 9.99318E-05 9.99318E-05 9.99318E-05 9.99318E-05 9.99318E-05 9.99318E-05
9.99318E-05 9.99318E-05 0.999101 9.99318E-05 9.99318E-05 9.99318E-05 9.99318E-05 9.99318E-05 9.99318E-05 9.99318E-05
9.99319E-05 9.99319E-05 0.999101 9.99319E-05 9.99319E-05 9.99319E-05 9.99319E-05 9.99319E-05 9.99319E-05 9.99319E-05
0.745832 9.99399E-05 9.99399E-05 9.99399E-05 0.253369 9.99399E-05 9.99399E-05 9.99399E-05 9.99399E-05 9.99399E-05
9.99394E-05 9.99394E-05 9.99394E-05 0.939014 9.99394E-05 9.99394E-05 0.0601868 9.99394E-05 9.99394E-05 9.99394E-05
9.9932E-05 9.9932E-05 0.999101 9.9932E-05 9.9932E-05 9.9932E-05 9.9932E-05 9.9932E-05 9.9932E-05 9.9932E-05
9.99398E-05 9.99398E-05 0.434014 9.99398E-05 9.99398E-05 9.99398E-05 9.99398E-05 9.99398E-05 9.99398E-05 0.565187
9.99399E-05 9.99399E-05 0.620612 9.99399E-05 9.99399E-05 9.99399E-05 9.99399E-05 9.99399E-05 0.378589 9.99399E-05
9.99398E-05 9.99398E-05 0.897412 9.99398E-05 9.99398E-05 9.99398E-05 9.99398E-05 0.101789 9.99398E-05 9.99398E-05
9.99321E-05 9.99321E-05 9.99321E-05 9.99321E-05 9.99321E-05 0.999101 9.99321E-05 9.99321E-05 9.99321E-05 9.99321E-05
0.0754662 9.99478E-05 9.99478E-05 9.99478E-05 0.791441 0.132394 9.99478E-05 9.99478E-05 9.99478E-05 9.99478E-05
9.9932E-05 9.9932E-05 9.9932E-05 9.9932E-05 9.9932E-05 0.999101 9.9932E-05 9.9932E-05 9.9932E-05 9.9932E-05
9.99325E-05 9.99325E-05 9.99325E-05 9.99325E-05 9.99325E-05 0.999101 9.99325E-05 9.99325E-05 9.99325E-05 9.99325E-05
9.99323E-05 9.99323E-05 9.99323E-05 9.99323E-05 9.99323E-05 0.999101 9.99323E-05 9.99323E-05 9.99323E-05 9.99323E-05
9.99317E-05 9.99317E-05 9.99317E-05 9.99317E-05 0.999101 9.99317E-05 9.99317E-05 9.99317E-05 9.99317E-05 9.99317E-05
9.99474E-05 9.99474E-05 0.526914 9.99474E-05 9.99474E-05 0.344183 0.128203 9.99474E-05 9.99474E-05 9.99474E-05
9.99397E-05 9.99397E-05 9.99397E-05 9.99397E-05 0.490597 0.508604 9.99397E-05 9.99397E-05 9.99397E-05 9.99397E-05
9.99315E-05 9.99315E-05 9.99315E-05 9.99315E-05 9.99315E-05 0.999101 9.99315E-05 9.99315E-05 9.99315E-05 9.99315E-05
9.99319E-05 9.99319E-05 9.99319E-05 9.99319E-05 9.99319E-05 9.99319E-05 0.999101 9.99319E-05 9.99319E-05 9.99319E-05
9.9932E-05 9.9932E-05 9.9932E-05 9.9932E-05 9.9932E-05 0.999101 9.9932E-05 9.9932E-05 9.9932E-05 9.9932E-05
9.99317E-05 9.99317E-05 9.99317E-05 9.99317E-05 0.999101 9.99317E-05 9.99317E-05 9.99317E-05 9.99317E-05 9.99317E-05
9.99315E-05 9.99315E-05 9.99315E-05 9.99315E-05 9.99315E-05 9.99315E-05 0.999101 9.99315E-05 9.99315E-05 9.99315E-05
9.99318E-05 9.99318E-05 9.99318E-05 9.99318E-05 9.99318E-05 0.999101 9.99318E-05 9.99318E-05 9.99318E-05 9.99318E-05
9.99314E-05 9.99314E-05 9.99314E-05 9.99314E-05 9.99314E-05 0.999101 9.99314E-05 9.99314E-05 9.99314E-05 9.99314E-05
9.99397E-05 9.99397E-05 9.99397E-05 9.99397E-05 9.99397E-05 0.865704 9.99397E-05 9.99397E-05 9.99397E-05 0.133496
9.99321E-05 9.99321E-05 9.99321E-05 9.99321E-05 0.999101 9.99321E-05 9.99321E-05 9.99321E-05 9.99321E-05 9.99321E-05
9.99329E-05 0.999101 9.99329E-05 9.99329E-05 9.99329E-05 9.99329E-05 9.99329E-05 9.99329E-05 9.99329E-05 9.99329E-05
9.99393E-05 9.99393E-05 9.99393E-05 9.99393E-05 0.578627 0.420573 9.99393E-05 9.99393E-05 9.99393E-05 9.99393E-05
9.99318E-05 0.999101 9.99318E-05 9.99318E-05 9.99318E-05 9.99318E-05 9.99318E-05 9.99318E-05 9.99318E-05 9.99318E-05
9.99396E-05 9.99396E-05 0.802322 9.99396E-05 9.99396E-05 9.99396E-05 9.99396E-05 9.99396E-05 9.99396E-05 0.196879
0.580065 9.99396E-05 9.99396E-05 9.99396E-05 9.99396E-05 9.99396E-05 0.419136 9.99396E-05 9.99396E-05 9.99396E-05
9.99399E-05 9.99399E-05 9.99399E-05 9.99399E-05 9.99399E-05 0.378445 0.620755 9.99399E-05 9.99399E-05 9.99399E-05
9.9955E-05 0.635645 9.9955E-05 9.9955E-05 9.9955E-05 0.171584 0.145633 9.9955E-05 0.0465382 9.9955E-05
9.99497E-05 9.99497E-05 9.99497E-05 9.99497E-05 9.99497E-05 0.43204 0.318983 9.99497E-05 9.99497E-05 0.248278
9.99322E-05 9.99322E-05 9.99322E-05 9.99322E-05 9.99322E-05 9.99322E-05 0.999101 9.99322E-05 9.99322E-05 9.99322E-05
9.99318E-05 9.99318E-05 9.99318E-05 9.99318E-05 0.999101 9.99318E-05 9.99318E-05 9.99318E-05 9.99318E-05 9.99318E-05
9.99314E-05 9.99314E-05 9.99314E-05 9.99314E-05 9.99314E-05 9.99314E-05 0.999101 9.99314E-05 9.99314E-05 9.99314E-05
9.99398E-05 9.99398E-05 9.99398E-05 9.99398E-05 0.682606 0.316594 9.99398E-05 9.99398E-05 9.99398E-05 9.99398E-05
9.994E-05 0.317875 9.994E-05 9.994E-05 9.994E-05 9.994E-05 9.994E-05 9.994E-05 0.681326 9.994E-05
9.99322E-05 9.99322E-05 9.99322E-05 9.99322E-05 9.99322E-05 9.99322E-05 0.999101 9.99322E-05 9.99322E-05 9.99322E-05
9.99323E-05 9.99323E-05 9.99323E-05 9.99323E-05 0.999101 9.99323E-05 9.99323E-05 9.99323E-05 9.99323E-05 9.99323E-05
9.99319E-05 9.99319E-05 9.99319E-05 9.99319E-05 9.99319E-05 9.99319E-05 0.999101 9.99319E-05 9.99319E-05 9.99319E-05
9.99326E-05 9.99326E-05 9.99326E-05 9.99326E-05 0.999101 9.99326E-05 9.99326E-05 9.99326E-05 9.99326E-05 9.99326E-05
9.9933E-05 9.9933E-05 0.999101 9.9933E-05 9.9933E-05 9.9933E-05 9.9933E-05 9.9933E-05 9.9933E-05 9.9933E-05
9.99395E-05 9.99395E-05 9.99395E-05 9.99395E-05 9.99395E-05 0.837553 0.161647 9.99395E-05 9.99395E-05 9.99395E-05
9.99473E-05 9.99473E-05 9.99473E-05 9.99473E-05 9.99473E-05 0.191921 0.398473 9.99473E-05 0.408907 9.99473E-05
9.99404E-05 0.461574 9.99404E-05 9.99404E-05 0.537627 9.99404E-05 9.99404E-05 9.99404E-05 9.99404E-05 9.99404E-05
9.99323E-05 9.99323E-05 9.99323E-05 9.99323E-05 9.99323E-05 0.999101 9.99323E-05 9.99323E-05 9.99323E-05 9.99323E-05
9.99329E-05 9.99329E-05 9.99329E-05 9.99329E-05 0.999101 9.99329E-05 9.99329E-05 9.99329E-05 9.99329E-05 9.99329E-05
9.99317E-05 9.99317E-05 9.99317E-05 9.99317E-05 9.99317E-05 9.99317E-05 0.999101 9.99317E-05 9.99317E-05 9.99317E-05
9.99314E-05 9.99314E-05 9.99314E-05 9.99314E-05 9.99314E-05 0.999101 9.99314E-05 9.99314E-05 9.99314E-05 9.99314E-05
9.99315E-05 9.99315E-05 9.99315E-05 9.99315E-05 9.99315E-05 9.99315E-05 0.999101 9.99315E-05 9.99315E-05 9.99315E-05
9.99398E-05 0.0903477 9.99398E-05 9.99398E-05 9.99398E-05 0.908853 9.99398E-05 9.99398E-05 9.99398E-05 9.99398E-05
9.99317E-05 9.99317E-05 9.99317E-05 9.99317E-05 9.99317E-05 9.99317E-05 0.999101 9.99317E-05 9.99317E-05 9.99317E-05
9.99318E-05 0.999101 9.99318E-05 9.99318E-05 9.99318E-05 9.99318E-05 9.99318E-05 9.99318E-05 9.99318E-05 9.99318E-05
9.99397E-05 9.99397E-05 0.248611 9.99397E-05 9.99397E-05 9.99397E-05 0.75059 9.99397E-05 9.99397E-05 9.99397E-05
9.99319E-05 0.999101 9.99319E-05 9.99319E-05 9.99319E-05 9.99319E-05 9.99319E-05 9.99319E-05 9.99319E-05 9.99319E-05
9.99324E-05 9.99324E-05 9.99324E-05 9.99324E-05 9.99324E-05 0.999101 9.99324E-05 9.99324E-05 9.99324E-05 9.99324E-05
9.99319E-05 0.999101 9.99319E-05 9.99319E-05 9.99319E-05 9.99319E-05 9.99319E-05 9.99319E-05 9.99319E-05 9.99319E-05
9.99394E-05 9.99394E-05 9.99394E-05 9.99394E-05 0.37303 9.99394E-05 0.62617 9.99394E-05 9.99394E-05 9.99394E-05
9.99326E-05 9.99326E-05 9.99326E-05 9.99326E-05 9.99326E-05 9.99326E-05 0.999101 9.99326E-05 9.99326E-05 9.99326E-05
9.99399E-05 9.99399E-05 9.99399E-05 9.99399E-05 9.99399E-05 9.99399E-05 0.967372 9.99399E-05 0.0318287 9.99399E-05
9.9932E-05 9.9932E-05 9.9932E-05 9.9932E-05 9.9932E-05 9.9932E-05 0.999101 9.9932E-05 9.9932E-05 9.9932E-05
9.99401E-05 9.99401E-05 9.99401E-05 9.99401E-05 0.297753 0.701448 9.99401E-05 9.99401E-05 9.99401E-05 9.99401E-05
9.99324E-05 9.99324E-05 9.99324E-05 9.99324E-05 9.99324E-05 9.99324E-05 0.999101 9.99324E-05 9.99324E-05 9.99324E-05
9.99329E-05 9.99329E-05 9.99329E-05 9.99329E-05 9.99329E-05 9.99329E-05 0.999101 9.99329E-05 9.99329E-05 9.99329E-05
9.99398E-05 9.99398E-05 9.99398E-05 9.99398E-05 9.99398E-05 9.99398E-05 0.253426 9.99398E-05 0.745775 9.99398E-05
9.99322E-05 9.99322E-05 9.99322E-05 9.99322E-05 9.99322E-05 0.999101 9.99322E-05 9.99322E-05 9.99322E-05 9.99322E-05
0.0316844 9.99552E-05 9.99552E-05 9.99552E-05 9.99552E-05 0.090093 9.99552E-05 9.99552E-05 0.357702 0.519921
9.99406E-05 9.99406E-05 9.99406E-05 0.0454652 0.953735 9.99406E-05 9.99406E-05 9.99406E-05 9.99406E-05 9.99406E-05
9.99478E-05 9.99478E-05 9.99478E-05 9.99478E-05 9.99478E-05 0.100912 0.565899 9.99478E-05 0.33249 9.99478E-05
9.99398E-05 9.99398E-05 9.99398E-05 9.99398E-05 0.584783 0.414418 9.99398E-05 9.99398E-05 9.99398E-05 9.99398E-05
9.99474E-05 0.791786 9.99474E-05 9.99474E-05 9.99474E-05 9.99474E-05 0.0264211 9.99474E-05 0.181093 9.99474E-05
9.99319E-05 9.99319E-05 9.99319E-05 9.99319E-05 9.99319E-05 9.99319E-05 0.999101 9.99319E-05 9.99319E-05 9.99319E-05
9.99316E-05 9.99316E-05 9.99316E-05 9.99316E-05 9.99316E-05 9.99316E-05 0.999101 9.99316E-05 9.99316E-05 9.99316E-05
9.99401E-05 9.99401E-05 0.820836 9.99401E-05 9.99401E-05 9.99401E-05 9.99401E-05 9.99401E-05 0.178364 9.99401E-05
9.99328E-05 9.99328E-05 9.99328E-05 9.99328E-05 9.99328E-05 9.99328E-05 0.999101 9.99328E-05 9.99328E-05 9.99328E-05
9.99317E-05 9.99317E-05 9.99317E-05 9.99317E-05 9.99317E-05 9.99317E-05 0.999101 9.99317E-05 9.99317E-05 9.99317E-05
9.99323E-05 9.99323E-05 9.99323E-05 9.99323E-05 9.99323E-05 9.99323E-05 0.999101 9.99323E-05 9.99323E-05 9.99323E-05
0.514584 9.99397E-05 9.99397E-05 9.99397E-05 9.99397E-05 9.99397E-05 0.484616 9.99397E-05 9.99397E-05 9.99397E-05
9.99324E-05 0.999101 9.99324E-05 9.99324E-05 9.99324E-05 9.99324E-05 9.99324E-05 9.99324E-05 9.99324E-05 9.99324E-05
9.99395E-05 9.99395E-05 9.99395E-05 9.99395E-05 9.99395E-05 9.99395E-05 0.631727 9.99395E-05 0.367473 9.99395E-05
9.99397E-05 9.99397E-05 9.99397E-05 9.99397E-05 9.99397E-05 0.753191 0.24601 9.99397E-05 9.99397E-05 9.99397E-05
9.994E-05 9.994E-05 0.882347 9.994E-05 9.994E-05 9.994E-05 9.994E-05 9.994E-05 9.994E-05 0.116853
9.99329E-05 9.99329E-05 9.99329E-05 9.99329E-05 9.99329E-05 9.99329E-05 0.999101 9.99329E-05 9.99329E-05 9.99329E-05
9.99317E-05 9.99317E-05 9.99317E-05 9.99317E-05 9.99317E-05 9.99317E-05 0.999101 9.99317E-05 9.99317E-05 9.99317E-05
9.99326E-05 9.99326E-05 9.99326E-05 9.99326E-05 9.99326E-05 0.999101 9.99326E-05 9.99326E-05 9.99326E-05 9.99326E-05
9.9932E-05 9.9932E-05 9.9932E-05 9.9932E-05 9.9932E-05 9.9932E-05 0.999101 9.9932E-05 9.9932E-05 9.9932E-05
9.99323E-05 9.99323E-05 9.99323E-05 9.99323E-05 9.99323E-05 9.99323E-05 0.999101 9.99323E-05 9.99323E-05 9.99323E-05
9.99318E-05 9.99318E-05 9.99318E-05 9.99318E-05 9.99318E-05 0.999101 9.99318E-05 9.99318E-05 9.99318E-05 9.99318E-05
9.99315E-05 9.99315E-05 9.99315E-05 9.99315E-05 9.99315E-05 9.99315E-05 0.999101 9.99315E-05 9.99315E-05 9.99315E-05
9.99397E-05 9.99397E-05 0.188606 9.99397E-05 9.99397E-05 0.810594 9.99397E-05 9.99397E-05 9.99397E-05 9.99397E-05
9.99473E-05 0.814146 9.99473E-05 0.173839 9.99473E-05 9.99473E-05 9.99473E-05 9.99473E-05 0.0113146 9.99473E-05
9.9932E-05 9.9932E-05 9.9932E-05 9.9932E-05 9.9932E-05 0.999101 9.9932E-05 9.9932E-05 9.9932E-05 9.9932E-05
9.9932E-05 9.9932E-05 9.9932E-05 9.9932E-05 0.999101 9.9932E-05 9.9932E-05 9.9932E-05 9.9932E-05 9.9932E-05
9.99398E-05 9.99398E-05 9.99398E-05 9.99398E-05 9.99398E-05 0.567615 0.431585 9.99398E-05 9.99398E-05 9.99398E-05
9.9933E-05 9.9933E-05 9.9933E-05 9.9933E-05 9.9933E-05 9.9933E-05 0.999101 9.9933E-05 9.9933E-05 9.9933E-05
9.99473E-05 0.390869 9.99473E-05 9.99473E-05 9.99473E-05 9.99473E-05 0.353289 9.99473E-05 0.255142 9.99473E-05
9.99398E-05 0.274827 9.99398E-05 9.99398E-05 9.99398E-05 9.99398E-05 0.724373 9.99398E-05 9.99398E-05 9.99398E-05
9.99397E-05 9.99397E-05 9.99397E-05 9.99397E-05 9.99397E-05 0.686724 0.312476 9.99397E-05 9.99397E-05 9.99397E-05
9.99325E-05 9.99325E-05 9.99325E-05 9.99325E-05 9.99325E-05 9.99325E-05 0.999101 9.99325E-05 9.99325E-05 9.99325E-05
9.99324E-05 9.99324E-05 9.99324E-05 9.99324E-05 9.99324E-05 9.99324E-05 0.999101 9.99324E-05 9.99324E-05 9.99324E-05
9.99321E-05 9.99321E-05 9.99321E-05 9.99321E-05 9.99321E-05 0.999101 9.99321E-05 9.99321E-05 9.99321E-05 9.99321E-05
9.99324E-05 9.99324E-05 9.99324E-05 9.99324E-05 9.99324E-05 0.999101 9.99324E-05 9.99324E-05 9.99324E-05 9.99324E-05
9.99403E-05 9.99403E-05 9.99403E-05 9.99403E-05 9.99403E-05 0.298684 9.99403E-05 9.99403E-05 9.99403E-05 0.700516
9.99325E-05 0.999101 9.99325E-05 9.99325E-05 9.99325E-05 9.99325E-05 9.99325E-05 9.99325E-05 9.99325E-05 9.99325E-05
9.99319E-05 0.999101 9.99319E-05 9.99319E-05 9.99319E-05 9.99319E-05 9.99319E-05 9.99319E-05 9.99319E-05 9.99319E-05
9.99395E-05 0.568077 9.99395E-05 9.99395E-05 9.99395E-05 9.99395E-05 0.431123 9.99395E-05 9.99395E-05 9.99395E-05
9.99403E-05 0.851446 9.99403E-05 9.99403E-05 9.99403E-05 9.99403E-05 9.99403E-05 9.99403E-05 0.147755 9.99403E-05
9.9933E-05 0.999101 9.9933E-05 9.9933E-05 9.9933E-05 9.9933E-05 9.9933E-05 9.9933E-05 9.9933E-05 9.9933E-05
9.99328E-05 0.999101 9.99328E-05 9.99328E-05 9.99328E-05 9.99328E-05 9.99328E-05 9.99328E-05 9.99328E-05 9.99328E-05
9.99317E-05 9.99317E-05 9.99317E-05 9.99317E-05 9.99317E-05 0.999101 9.99317E-05 9.99317E-05 9.99317E-05 9.99317E-05
9.99477E-05 0.0938455 9.99477E-05 9.99477E-05 9.99477E-05 0.366815 0.53864 9.99477E-05 9.99477E-05 9.99477E-05
9.99322E-05 9.99322E-05 9.99322E-05 9.99322E-05 9.99322E-05 0.999101 9.99322E-05 9.99322E-05 9.99322E-05 9.99322E-05
9.99402E-05 9.99402E-05 0.00645572 9.99402E-05 9.99402E-05 0.992745 9.99402E-05 9.99402E-05 9.99402E-05 9.99402E-05
9.99395E-05 0.253383 9.99395E-05 9.99395E-05 0.745817 9.99395E-05 9.99395E-05 9.99395E-05 9.99395E-05 9.99395E-05
9.99321E-05 9.99321E-05 9.99321E-05 9.99321E-05 9.99321E-05 0.999101 9.99321E-05 9.99321E-05 9.99321E-05 9.99321E-05
